1001 1 66 1058
1005 1 66 1459
1009 1 42 1333
1013 4 42 1574
1017 1 46 914
1021 1 46 1236
1025 1 32 2357
1029 1 32 1031
1033 1 62 1752
1037 1 62 1418
1041 4 36 1035
1045 4 36 989
1049 1 66 702
1053 1 66 1184
1057 1 42 961
1061 1 42 2546
1065 4 36 889
1069 4 36 731
1073 1 32 1932
1077 4 52 798
1081 4 52 1247
1085 4 52 1329
1089 4 52 2610
1093 1 32 1078
1097 1 46 1336
1101 1 46 1145
1105 4 36 1675
1109 4 42 1820
1113 1 42 1035
1117 1 46 748
1121 1 46 990
1125 4 52 888
1129 1 32 1113
1133 4 36 1115
1137 4 36 2604
1141 1 42 3089
1145 1 42 1493
1149 1 42 1207
1153 1 56 616
1157 1 56 665
1161 4 36 1371
1165 4 36 1244
1169 1 32 1115
1173 4 32 1741
1177 1 46 766
1181 1 56 2144
1185 4 62 2828
1189 1 32 1003
1193 1 56 1276
1197 1 56 654
1201 4 32 1519
1205 1 46 641
1209 4 42 1538
1213 4 42 980
1217 4 62 1013
1221 1 46 1127
1225 1 46 856
1229 1 46 1209
1233 1 46 1147
1237 4 32 1708
1241 4 32 785
1247 4 36 1331
1251 4 36 965
1255 4 36 838
1259 4 62 1368
1263 4 62 1561
1267 1 66 1019
1271 1 66 796
1275 1 66 1022
1279 1 42 1407
1283 4 42 976
1287 1 66 1010
1291 1 46 675
1295 4 42 1189
1299 4 42 1398
1303 1 66 1672
1307 1 66 729
1311 4 62 1531
1315 4 62 1164
1319 4 36 2173
1323 4 32 1002
1327 4 32 795
1331 4 36 1565
1335 4 36 1294
1339 4 52 1487
1343 4 52 1529
1347 1 46 874
1351 1 46 828
1355 1 32 797
1359 4 32 906
1363 1 56 683
1367 1 56 813
1371 1 42 974
1375 4 42 1519
1379 4 36 1297
1383 4 36 770
1387 4 52 1273
1391 4 52 779
1395 4 52 812
1399 1 56 1229
1403 1 56 703
1407 1 56 752
1411 1 32 1202
1415 4 32 2019
1419 4 32 946
1423 1 46 675
1427 1 46 709
1431 1 46 646
1435 4 42 1112
1439 1 42 1265
1443 1 42 931
1447 1 36 852
1451 4 36 1494
1455 4 36 1127
1459 1 32 1318
1463 1 32 1557
1467 1 46 726
1471 1 46 984
1475 4 62 825
1479 4 62 971
1483 4 36 1276
1487 4 36 1070
1491 4 42 1090
1495 1 42 1060
1499 1 66 1413
1503 1 66 791
1507 1 46 616
1511 1 46 1625
1515 4 62 1307
1519 1 62 1196
1523 4 36 910
1527 4 36 1087
1531 4 62 2330
1535 4 62 919
1539 1 46 632
1543 1 46 826
1547 4 32 3398
1551 4 32 1987
1555 1 66 634
1559 1 42 987
1563 1 32 845
1567 1 66 974
1571 1 66 751
1577 1 32 1025
1581 4 42 978
1585 4 36 1124
1589 4 36 1061
1593 1 42 1121
1597 4 42 1299
1601 1 66 788
1605 4 62 1094
1609 4 62 919
1613 4 36 1017
1617 4 36 794
1621 4 32 1324
1625 4 32 1453
1629 1 66 671
1633 1 66 656
1637 1 66 769
1641 1 66 723
1645 4 42 756
1649 1 42 2721
1653 1 32 2293
1657 4 36 1305
1661 4 36 827
1665 1 46 812
1669 1 42 942
1673 1 42 975
1677 1 46 1393
1681 1 46 882
1685 4 32 1700
1689 1 46 2069
1693 4 62 2076
1697 1 62 1139
253 1 52 1158
257 1 52 855
261 1 52 873
265 1 46 1082
269 1 46 796
273 1 46 1133
277 1 46 1471
281 1 32 2083
285 4 32 3312
289 1 56 1887
293 1 56 1888
297 4 56 1922
301 4 56 1331
305 4 56 1109
309 1 42 1292
313 4 42 994
317 4 42 948
321 4 42 3605
325 1 42 1029
329 1 52 1030
333 4 32 1512
337 1 32 1609
341 1 46 1936
345 1 46 1089
349 1 56 1107
353 1 56 1092
357 1 56 1094
361 1 42 1751
365 1 42 1193
369 4 42 1274
373 4 42 1004
377 1 42 1792
381 4 36 1057
385 4 36 995
389 1 52 1316
393 1 32 1398
397 4 32 1962
401 1 62 1163
405 1 62 1085
409 1 32 1038
413 4 52 1008
417 1 32 2769
421 4 42 1907
425 4 36 1412
429 4 46 2646
433 1 56 1186
437 4 52 1220
441 4 52 2213
445 1 46 2425
449 1 32 2991
453 1 46 1236
457 4 32 1578
461 4 36 1388
465 4 36 1725
469 1 56 895
473 1 56 896
477 4 42 1874
481 1 42 724
485 1 42 1509
489 1 42 951
493 4 32 1320
497 1 66 697
501 1 66 763
505 4 36 1852
509 1 32 1934
513 4 42 2223
517 4 42 1798
521 4 36 920
525 4 42 1665
529 4 42 1395
533 4 36 964
537 4 36 1065
541 4 32 1002
545 1 66 859
549 1 66 3645
553 4 32 2306
557 1 66 1176
561 4 32 1834
565 4 36 1483
569 4 36 1309
573 1 56 1198
577 1 46 1328
583 4 32 2785
587 1 46 1000
591 1 56 745
595 1 56 763
599 1 46 860
603 1 46 1342
607 4 36 1151
611 4 36 848
615 1 56 706
619 1 56 1091
623 1 32 1157
627 4 36 1174
631 4 52 1048
635 4 52 1284
639 1 42 1430
643 1 42 874
647 1 56 811
651 1 46 1005
655 4 36 1182
659 1 32 1072
663 4 32 2689
667 1 56 789
671 4 52 1623
675 4 42 1945
679 1 32 3543
683 1 46 1511
687 4 36 1800
691 4 46 1354
695 4 36 1355
699 1 56 1053
703 1 52 910
707 4 52 1584
711 4 52 1153
715 1 46 1714
719 1 46 1204
723 1 46 1733
727 1 62 1063
731 1 62 760
735 1 62 2602
739 1 46 971
743 1 46 781
747 1 46 766
751 1 62 985
755 4 32 2442
759 1 32 1644
763 4 36 1069
767 4 36 878
771 1 66 1600
775 1 52 807
779 1 52 1768
783 1 46 842
787 1 46 1739
791 4 36 1453
795 1 46 910
799 1 32 1376
803 1 42 1537
807 4 42 1267
811 4 42 1604
815 1 62 1125
819 1 32 1143
823 1 46 1064
827 1 46 1018
831 4 52 1305
835 4 52 1738
839 4 36 844
843 4 36 1117
847 1 42 1775
851 1 42 848
855 1 56 658
859 1 56 1363
863 4 32 2836
867 4 32 1190
871 4 36 2488
875 4 52 927
879 1 46 880
883 1 46 1314
887 4 52 1139
891 4 36 1285
895 4 42 2873
899 1 32 1683
903 4 42 1045
907 4 32 2566
913 1 56 1735
917 1 56 1208
921 1 62 1770
925 1 32 1579
929 1 62 989
933 4 36 734
937 1 46 1984
941 1 62 1014
945 4 36 824
949 4 36 1401
953 1 66 667
957 1 66 796
961 4 32 1432
965 4 42 1066
969 4 66 1899
973 1 66 1415
977 4 32 1769
981 4 32 1274
985 1 62 1132
989 1 62 685
993 1 46 1663
997 1 46 976