1000 4 42 1667
1004 1 46 949
1008 1 46 550
1012 1 32 1912
1016 1 32 681
1020 1 62 1019
1024 1 62 1548
1028 4 36 3054
1032 4 36 1002
1036 1 66 2908
1040 1 66 1483
1044 1 42 908
1048 1 42 2238
1052 4 36 2855
1056 4 36 1260
1060 1 32 2173
1064 4 52 953
1068 4 52 603
1072 4 52 828
1076 4 52 1192
1080 1 32 1898
1084 1 46 923
1088 1 46 701
1092 4 36 862
1096 4 42 2463
1100 1 42 710
1104 1 46 664
1108 1 46 889
1112 4 52 923
1116 4 32 1292
1120 4 36 2097
1124 4 36 1568
1128 4 42 3609
1132 1 42 1395
1136 1 42 2357
1140 -1 56 2000
1143 -1 56 2000
1146 4 36 1401
1150 4 36 1131
1154 1 32 816
1158 4 32 1473
1162 1 46 642
1166 1 56 692
1170 4 62 952
1174 1 32 666
1178 1 56 1649
1182 1 56 514
1186 4 32 1172
1190 1 46 1493
1194 4 42 1143
1198 4 42 728
1202 4 62 1289
1206 1 46 723
1210 1 46 1122
1214 1 46 740
1217 1 46 581
1221 1 32 3046
1225 4 32 793
1231 1 36 1165
1235 4 36 990
1239 4 36 767
1243 4 62 1681
1247 4 62 1170
1251 1 66 660
1255 1 66 629
1259 1 66 791
1263 1 42 1016
1267 4 42 2186
1271 1 66 664
1275 1 46 634
1279 4 42 1499
1283 4 42 1192
1287 1 66 1257
1291 1 66 810
1295 4 62 1868
1299 4 62 765
1303 4 36 943
1307 4 32 1360
1311 4 32 658
1315 1 36 1363
1319 4 36 1016
1323 4 52 665
1327 4 52 720
1331 1 46 674
1335 1 46 675
1339 4 32 2421
1343 4 32 1764
1347 1 56 1094
1351 1 56 727
1355 1 42 664
1359 4 42 570
1363 4 36 1179
1367 4 36 749
1371 4 52 1409
1375 4 52 691
1379 4 52 1140
1383 -1 56 2000
1386 -1 56 2000
1389 1 56 726
1393 1 32 786
1397 4 32 3268
1401 4 32 763
1405 1 46 1399
1409 1 46 664
1413 1 46 618
1417 4 42 923
1421 1 42 1645
1425 1 42 1038
1429 4 36 2880
1433 4 36 889
1437 4 36 763
1441 1 32 1074
1445 1 32 1379
1449 1 46 677
1453 1 46 726
1457 4 62 792
1461 4 62 777
1465 4 36 1259
1469 4 36 860
1473 4 42 589
1477 1 42 1663
1481 1 66 592
1485 -1 66 2000
1488 -1 46 2000
1491 1 46 885
1495 4 62 742
1499 1 62 1224
1503 4 36 1241
1507 4 36 1674
1511 4 62 1067
1515 4 62 844
1519 1 46 603
1523 1 46 812
1527 1 32 4430
1531 4 32 1283
1535 -1 66 2000
1538 1 42 1670
1542 1 32 695
1546 1 66 953
1550 1 66 634
1556 1 32 919
1560 4 42 745
1564 4 36 922
1568 4 36 955
1572 1 42 1002
1576 4 42 788
1580 1 66 757
1584 4 62 1463
1588 4 62 744
1592 4 36 1162
1596 1 36 2011
1600 1 32 2472
1604 4 32 3617
1608 1 66 2553
1612 1 66 658
1616 1 66 1396
1620 1 66 805
1624 1 42 1527
1628 1 42 872
1632 4 32 6091
1636 4 36 1721
1640 1 36 2746
1644 1 46 1945
1648 1 42 1546
1652 1 42 652
1656 1 46 669
1660 1 46 543
1664 4 32 704
1668 1 46 1122
1672 4 62 2035
1676 1 62 712
249 1 52 1301
253 1 52 1143
257 1 52 776
261 1 46 794
265 1 46 571
269 1 46 764
273 1 46 702
277 1 32 786
281 4 32 3721
285 1 56 1083
289 1 56 604
293 1 56 686
297 -1 56 2000
300 4 56 2561
304 1 42 1104
308 4 42 1073
312 4 42 1282
316 4 42 3540
320 1 42 963
324 1 52 613
328 4 32 3759
332 1 32 948
336 1 46 1699
340 1 46 820
344 1 56 806
348 -1 56 2000
351 1 56 617
355 1 42 1178
359 1 42 859
363 4 42 1101
367 4 42 1438
371 1 42 1408
375 4 36 1137
379 4 36 1331
383 1 52 1060
387 1 32 1110
391 4 32 1655
395 1 62 665
399 1 62 1034
403 1 32 540
406 4 52 733
410 1 32 2319
414 4 42 1320
418 4 36 1050
422 1 46 1211
426 1 56 541
430 4 52 1198
434 4 52 1135
438 1 46 721
442 1 32 4354
446 1 46 1413
450 4 32 1542
454 4 36 933
458 4 36 1894
462 1 56 1064
466 1 56 729
470 4 42 4107
474 1 42 858
478 1 42 1724
482 1 42 1501
486 4 32 919
490 1 66 536
494 1 66 586
498 4 36 843
502 1 32 1196
506 4 42 4494
510 4 42 1643
514 4 36 1260
518 4 42 862
522 4 42 1183
526 4 36 737
530 4 36 754
534 4 32 1140
538 1 66 2485
542 1 66 1089
546 4 32 2035
550 1 66 1684
554 4 32 1494
558 1 36 615
562 4 36 1736
566 1 56 698
570 1 46 1499
576 4 32 2296
580 1 46 989
584 1 56 510
588 1 56 512
592 1 46 609
595 1 46 994
599 4 36 1236
603 4 36 1365
607 1 56 887
611 -1 56 2000
614 1 32 938
618 4 36 987
622 4 52 1802
626 4 52 763
630 1 42 1348
634 1 42 689
638 4 56 707
642 1 46 1188
646 4 36 982
650 1 32 757
654 4 32 2678
658 -1 56 2000
661 1 52 841
665 4 42 2453
669 1 32 1082
673 1 46 779
677 4 36 876
681 1 46 590
685 4 36 847
689 1 56 705
693 1 52 562
697 4 52 1668
701 4 52 1368
705 1 46 826
709 1 46 779
713 1 46 732
717 1 62 1054
721 1 62 591
725 1 62 1110
729 1 46 792
733 1 46 665
737 -1 46 2000
740 1 62 1132
744 4 32 3291
748 1 32 1159
752 1 36 1273
756 4 36 1082
760 4 66 1164
764 1 52 678
768 1 52 1143
772 1 46 1201
776 1 46 2371
780 1 36 599
784 1 46 1880
788 1 32 1386
792 1 42 907
796 4 42 1005
800 4 42 1886
804 1 62 912
808 1 32 1281
812 1 46 776
816 1 46 938
820 4 52 867
824 4 52 1189
828 4 36 1398
832 4 36 2039
836 1 42 1289
840 -1 42 2000
843 1 56 588
847 1 56 557
851 4 32 3951
855 4 32 2337
859 4 36 1632
863 4 52 1153
867 1 46 796
871 1 46 1597
875 4 52 2127
879 4 36 1107
883 4 42 3588
887 1 32 940
891 4 42 976
895 4 32 2466
901 1 56 1287
905 1 56 1064
909 1 62 1194
913 1 32 811
917 1 62 797
921 4 36 990
925 1 46 768
929 1 62 673
932 1 36 1682
936 4 36 1188
940 1 66 853
944 1 66 551
948 4 32 840
952 4 42 1274
956 1 66 1035
960 1 66 589
964 4 32 1662
968 4 32 1871
972 1 62 641
976 4 62 832
980 1 46 1105
984 1 46 947
988 1 66 1380
992 1 66 837
996 1 42 1202