1001 1 66 976
1005 1 66 897
1009 1 42 1986
1013 4 42 1241
1017 1 46 763
1021 1 46 1180
1025 4 32 1278
1029 1 32 1391
1033 1 62 1208
1037 1 62 1626
1041 4 36 971
1045 4 36 1005
1049 1 66 1502
1053 1 66 704
1057 1 42 865
1061 1 42 1923
1065 4 36 772
1069 4 36 982
1073 1 32 1543
1077 4 52 776
1081 4 52 842
1085 4 52 1766
1089 4 52 1655
1093 1 32 2726
1097 1 46 2411
1101 1 46 1319
1105 4 36 777
1109 4 42 1466
1113 1 42 1132
1117 1 46 1069
1121 1 46 943
1125 4 52 880
1129 1 32 1426
1133 4 36 1923
1137 4 36 1637
1141 1 42 4102
1145 1 42 1510
1149 4 42 2119
1153 1 56 793
1157 1 56 730
1161 4 36 1659
1165 4 36 1197
1169 1 32 1470
1173 4 32 1136
1177 1 46 689
1181 1 56 707
1185 4 62 1252
1189 1 32 1046
1193 1 56 1111
1197 1 56 905
1201 4 32 1162
1205 1 46 1147
1209 4 42 1197
1213 4 42 878
1217 4 62 1728
1221 1 46 1585
1225 1 46 803
1229 1 46 964
1233 1 46 629
1237 1 32 1751
1241 4 32 1100
1247 4 36 1139
1251 4 36 1205
1255 4 36 902
1259 4 62 1751
1263 4 62 2025
1267 1 66 696
1271 1 66 1225
1275 1 66 939
1279 1 42 1263
1283 4 42 2291
1287 1 66 1271
1291 1 46 1193
1295 4 42 2522
1299 4 42 1329
1303 1 66 1011
1307 1 66 932
1311 4 62 902
1315 4 62 727
1319 4 36 1081
1323 4 32 1002
1327 4 32 1052
1331 4 36 2093
1335 4 36 985
1339 1 52 843
1343 4 52 884
1347 1 46 790
1351 1 46 903
1355 1 32 921
1359 4 32 1066
1363 1 56 700
1367 1 56 701
1371 1 42 1038
1375 4 42 1328
1379 4 36 1121
1383 4 36 931
1387 4 52 1044
1391 4 52 934
1395 4 52 3063
1399 1 56 918
1403 1 56 904
1407 1 56 857
1411 1 32 1336
1415 4 32 1706
1419 4 32 1227
1423 1 46 1258
1427 1 46 971
1431 1 46 1309
1435 4 42 814
1439 1 42 1760
1443 1 42 1185
1447 4 36 946
1451 4 36 900
1455 4 36 1029
1459 1 32 1703
1463 1 32 1912
1467 1 46 1034
1471 1 46 1259
1475 4 62 1117
1479 4 62 929
1483 4 36 1602
1487 4 36 772
1491 4 42 885
1495 1 42 2487
1499 1 66 1491
1503 1 66 1668
1507 1 46 1238
1511 1 46 1575
1515 4 62 1001
1519 1 62 1482
1523 4 36 924
1527 4 36 1117
1531 4 62 1336
1535 4 62 761
1539 1 46 1304
1543 1 46 985
1547 4 32 4219
1551 4 32 1952
1555 1 66 865
1559 1 42 1235
1563 1 32 1380
1567 1 66 1238
1571 1 66 951
253 1 52 1636
257 1 52 1989
261 1 52 1668
265 1 46 1525
269 1 46 1991
273 1 46 1873
277 1 46 2106
281 1 32 1628
285 4 32 2843
289 1 56 1372
293 1 56 2046
297 4 56 2530
301 4 56 1414
305 4 56 2344
309 1 42 1161
313 4 42 1243
317 4 42 1260
321 4 42 3118
325 1 42 1224
329 1 52 1177
333 4 32 1510
337 1 32 1944
341 1 46 1241
345 1 46 2346
349 1 56 649
353 1 56 1051
357 1 56 604
361 1 42 1774
365 1 42 943
369 4 42 1089
373 4 42 2384
377 1 42 1671
381 4 36 1032
385 4 36 1226
389 1 52 939
393 1 32 957
397 4 32 2940
401 1 62 1211
405 1 62 1180
409 1 32 1454
413 4 52 767
417 1 32 2443
421 4 42 1808
425 1 36 817
429 1 46 1090
433 1 56 900
437 4 52 901
441 4 52 1242
445 1 46 843
449 4 32 4364
453 1 46 674
457 4 32 1555
461 4 36 1204
465 4 36 1126
469 1 56 1175
473 1 56 985
477 4 42 1386
481 1 42 1260
485 1 42 1981
489 1 42 1620
493 4 32 1445
497 1 66 999
501 1 66 968
505 4 36 1098
509 1 32 1243
513 4 42 2125
517 4 42 1201
521 4 36 1122
525 4 42 1297
529 4 42 1043
533 4 36 772
537 4 36 757
541 4 32 1319
545 1 66 1512
549 1 66 1162
553 4 32 1323
557 1 66 1719
561 4 32 1609
565 4 36 1162
569 4 36 1468
573 1 56 957
577 1 46 831
583 4 32 2159
587 1 46 1641
591 1 56 1418
595 1 56 1564
599 1 46 1853
603 1 46 975
607 4 36 992
611 4 36 1442
615 1 56 1139
619 1 56 1109
623 1 32 982
627 4 36 807
631 1 52 777
635 4 52 2026
639 1 42 1431
643 1 42 920
647 1 56 762
651 1 46 875
655 4 36 1068
659 1 32 1779
663 4 32 2066
667 1 56 1017
671 4 52 811
675 4 42 1068
679 1 32 3293
683 1 46 1498
687 4 36 892
691 1 46 1037
695 4 36 1278
699 1 56 736
703 1 52 913
707 4 52 1443
711 4 52 1172
715 1 46 1046
719 1 46 1095
723 1 46 1017
727 1 62 986
731 1 62 1259
735 1 62 1085
739 1 46 846
743 1 46 1072
747 1 46 1025
751 1 62 1456
755 4 32 2250
759 1 32 1895
763 4 36 1224
767 4 36 1210
771 1 66 955
775 1 52 1164
779 1 52 1614
783 1 46 1138
787 1 46 1860
791 4 36 1045
795 1 46 1191
799 1 32 1384
803 1 42 2649
807 4 42 1526
811 4 42 2167
815 1 62 1683
819 1 32 2005
823 1 46 833
827 1 46 1538
831 4 52 1276
835 4 52 1821
839 4 36 863
843 4 36 1072
847 1 42 4146
851 1 42 905
855 1 56 1147
859 1 56 908
863 4 32 1134
867 4 32 1615
871 4 36 1184
875 4 52 1317
879 1 46 854
883 1 46 1432
887 4 52 889
891 4 36 1018
895 4 42 2652
899 1 32 1112
903 4 42 1098
907 4 32 2059
913 1 56 1362
917 1 56 1107
921 1 62 2773
925 1 32 2185
929 1 62 1907
933 4 36 1012
937 1 46 982
941 1 62 1831
945 4 36 1225
949 4 36 1226
953 1 66 1051
957 1 66 1053
961 4 32 1292
965 4 42 1117
969 1 66 943
973 1 66 688
977 4 32 1570
981 4 32 1448
985 1 62 826
989 1 62 1323
993 1 46 1325
997 1 46 1678