1001 1 66 1713
1005 1 66 723
1009 1 42 1546
1013 4 42 5196
1017 1 46 1014
1021 1 46 1032
1025 4 32 3017
1029 1 32 7776
1033 1 62 1379
1037 1 62 2644
1041 4 36 2560
1045 4 36 4314
1049 1 66 916
1053 -1 66 2000
1056 1 42 677
1060 1 42 2278
1064 4 36 1240
1068 4 36 1289
1072 1 32 5316
1076 4 52 2227
1080 4 52 7098
1084 4 52 2675
1088 4 52 2863
1092 4 32 3014
1096 1 46 1825
1100 1 46 1283
1104 4 36 1428
1108 4 42 3288
1112 1 42 1872
1116 1 46 802
1120 1 46 1363
1124 4 52 2100
1128 1 32 1139
1132 4 36 1665
1136 4 36 4386
1140 1 42 5610
1144 1 42 1480
1148 1 42 3188
1152 1 56 698
1156 1 56 667
1160 4 36 1197
1164 4 36 5422
1168 1 32 1121
1172 4 32 2002
1176 1 46 668
1180 1 56 733
1184 4 62 1984
1188 1 32 1126
1192 1 56 887
1196 1 56 584
1200 4 32 7770
1204 1 46 792
1208 4 42 2970
1212 4 42 1051
1216 4 62 9405
1220 1 46 1796
1224 1 46 901
1228 1 46 3255
1232 1 46 699
1236 1 32 2013
1240 4 32 1162
1246 4 36 1539
1250 4 36 1173
1254 4 36 934
1258 4 62 4071
1262 4 62 1426
1266 1 66 1153
1270 1 66 1107
1274 1 66 1028
1278 1 42 1797
1282 4 42 1585
1286 1 66 1227
1290 1 46 716
1294 4 42 3998
1298 4 42 4806
1302 1 66 675
1306 1 66 581
1310 4 62 1718
1314 4 62 1384
1318 4 36 1161
1322 4 32 4410
1326 4 32 1319
1330 4 36 2377
1334 1 36 8880
1338 4 52 1540
1342 4 52 1236
1346 1 46 1461
1350 1 46 4887
1354 1 32 857
1358 4 32 1259
1362 1 56 671
1366 1 56 642
1370 1 42 1123
1374 4 42 4421
1378 4 36 1056
1382 4 36 769
1386 4 52 1811
1390 4 52 628
1394 4 52 5989
1398 1 56 5200
1402 -1 56 2000
1405 1 56 749
1409 1 32 1190
1413 4 32 4312
1417 4 32 2420
1421 1 46 835
1425 1 46 980
1429 1 46 1110
1433 4 42 823
1437 1 42 1697
1441 1 42 1058
1445 4 36 1487
1449 4 36 1392
1453 4 36 1010
1457 1 32 2004
1461 1 32 1811
1465 1 46 996
1469 1 46 630
1473 4 62 3623
1477 4 62 1495
1481 4 36 1160
1485 4 36 4298
1489 4 42 764
1493 1 42 859
1497 1 66 740
1501 1 66 982
1505 1 46 679
1509 1 46 727
1513 4 62 921
1517 1 62 1498
1521 4 36 1128
1525 4 36 4245
1529 4 62 5100
1533 4 62 1396
1537 1 46 4851
1541 1 46 744
1545 4 32 5343
1549 4 32 2000
1553 1 66 794
1557 1 42 2843
1561 1 32 768
1565 1 66 1505
1569 1 66 2290
1575 1 32 2371
1579 4 42 1674
1583 4 36 1452
1587 4 36 1709
1591 1 42 1039
1595 4 42 1425
1599 1 66 6978
1603 4 62 1363
1607 4 62 884
1611 4 36 1046
1615 4 36 3047
1619 4 32 3449
1623 4 32 2278
1627 1 66 872
1631 1 66 943
1635 1 66 2945
1639 1 66 824
1643 4 42 713
1647 1 42 1233
1651 1 32 4281
1655 4 36 1123
1659 4 36 1385
1663 1 46 907
1667 1 42 1484
1671 1 42 1584
1675 1 46 626
1679 1 46 2195
1683 4 32 1099
1687 1 46 3964
1691 4 62 673
1695 1 62 807
253 1 52 1097
257 1 52 2027
261 1 52 869
265 1 46 1030
269 1 46 664
273 1 46 2281
277 1 46 2667
281 1 32 818
285 4 32 5145
289 1 56 1119
293 1 56 2137
297 4 56 1984
301 4 56 1367
305 4 56 4776
309 1 42 1446
313 4 42 4775
317 4 42 4765
321 4 42 5403
325 1 42 1014
329 4 52 1847
333 4 32 985
337 1 32 1504
341 1 46 2130
345 1 46 2086
349 1 56 835
353 1 56 1796
357 1 56 5800
361 1 42 1955
365 1 42 1045
369 4 42 1849
373 4 42 3286
377 1 42 1520
381 4 36 1490
385 4 36 1603
389 1 52 1077
393 1 32 866
397 4 32 4985
401 1 62 2793
405 1 62 1046
409 1 32 1671
413 4 52 1209
417 1 32 1435
421 4 42 1228
425 4 36 2781
429 1 46 983
433 1 56 841
437 4 52 1106
441 4 52 1312
445 1 46 4529
449 4 32 5052
453 1 46 6473
457 4 32 2442
461 4 36 1979
465 4 36 1288
469 1 56 1866
473 1 56 651
477 4 42 3405
481 1 42 3985
485 1 42 3609
489 1 42 1701
493 4 32 1104
497 1 66 3114
501 1 66 628
505 4 36 2307
509 1 32 1786
513 4 42 3526
517 4 42 1747
521 4 36 1509
525 4 42 11090
529 4 42 7850
533 4 36 1158
537 4 36 1106
541 4 32 5844
545 1 66 1569
549 1 66 675
553 4 32 1188
557 1 66 901
561 4 32 1832
565 4 36 1577
569 4 36 1483
573 1 56 1532
577 1 46 1982
583 4 32 3786
587 1 46 1481
591 1 56 1856
595 1 56 1202
599 1 46 707
603 1 46 1189
607 1 36 774
611 4 36 2224
615 1 56 3831
619 1 56 1095
623 1 32 1072
627 4 36 1730
631 4 52 1380
635 4 52 4341
639 1 42 1434
643 1 42 934
647 1 56 651
651 1 46 1084
655 4 36 1502
659 1 32 2101
663 4 32 2882
667 1 56 1051
671 4 52 1677
675 4 42 2007
679 1 32 963
683 1 46 1491
687 4 36 1636
691 1 46 1206
695 4 36 2935
699 1 56 1552
703 1 52 1073
707 4 52 1651
711 4 52 4167
715 1 46 1540
719 1 46 1129
723 1 46 1194
727 1 62 988
731 1 62 2061
735 1 62 1498
739 1 46 603
743 1 46 1293
747 1 46 1006
751 1 62 833
755 4 32 4738
759 1 32 1554
763 4 36 1411
767 4 36 2101
771 1 66 755
775 1 52 812
779 4 52 1316
783 1 46 945
787 1 46 1609
791 4 36 1834
795 1 46 924
799 1 32 1085
803 1 42 1436
807 4 42 1933
811 4 42 3359
815 1 62 1513
819 1 32 1706
823 1 46 1180
827 1 46 6507
831 4 52 3641
835 4 52 2443
839 4 36 1120
843 4 36 3377
847 4 42 9195
851 1 42 1031
855 1 56 1119
859 1 56 1233
863 4 32 4322
867 4 32 4407
871 4 36 1338
875 4 52 3696
879 1 46 800
883 1 46 2914
887 4 52 1171
891 4 36 1157
895 4 42 3935
899 1 32 908
903 4 42 1563
907 4 32 6397
913 1 56 3516
917 1 56 1089
921 1 62 4082
925 1 32 2788
929 1 62 1452
933 4 36 1165
937 1 46 1311
941 1 62 1440
945 4 36 1474
949 4 36 1747
953 1 66 1925
957 1 66 1020
961 4 32 4641
965 4 42 1787
969 1 66 525
973 1 66 999
977 4 32 3257
981 4 32 4176
985 1 62 963
989 1 62 937
993 1 46 971
997 1 46 3420