1000 1 42 904
1004 1 42 2585
1008 1 36 835
1012 4 36 1045
1016 4 32 2230
1020 1 52 928
1024 4 52 1009
1028 4 52 3187
1032 4 52 1114
1036 4 32 1243
1040 1 46 669
1044 1 46 686
1048 4 36 864
1052 4 42 1026
1056 1 42 2139
1060 1 46 2562
1064 1 46 636
1068 4 52 1581
1072 1 32 1375
1076 1 36 3888
1080 1 36 517
1084 1 42 5204
1088 1 42 897
1092 4 42 1496
1096 1 56 1583
1100 1 56 657
1104 1 36 1618
1108 -1 36 2000
1111 1 32 1664
1115 4 32 1009
1119 1 46 643
1123 1 56 1033
1127 4 62 880
1131 1 32 978
1135 1 56 886
1139 -1 56 2000
1142 4 32 2729
1146 1 46 2549
1150 4 42 2764
1154 4 42 897
1158 4 62 962
1162 1 46 1364
1165 -1 46 2000
1167 1 46 903
1171 -1 46 2000
1174 4 32 905
1178 1 32 779
1184 1 36 1322
1188 -1 36 2000
1191 1 36 573
1195 4 62 3206
1199 4 62 2435
1203 1 66 773
1207 1 66 1702
1211 1 66 616
1215 1 42 1204
1219 4 42 2501
1223 1 66 3076
1227 1 46 822
1231 4 42 3111
1235 4 42 3649
1239 -1 66 2000
1241 1 66 1095
1245 -1 62 2000
1248 1 62 874
1252 -1 36 2000
1255 4 32 1245
1259 4 32 1646
1263 1 36 528
1267 1 36 561
1271 4 52 792
1275 4 52 953
1279 1 46 1195
1283 -1 46 2000
1286 1 32 1190
1290 4 32 1152
1294 -1 56 2000
1297 1 56 547
1301 1 42 1092
1305 1 42 1013
1309 4 36 1698
1313 4 36 1795
1317 4 52 863
1321 4 52 833
1325 4 52 2498
1329 1 56 769
1333 1 56 530
1336 1 56 628
1340 1 32 872
1344 4 32 4953
1348 4 32 2708
1352 1 46 1273
1356 1 46 571
1360 1 46 3980
1364 4 42 532
1368 1 42 1973
1372 1 42 1033
1376 1 36 603
1380 1 36 1052
1384 4 36 1677
1388 1 32 1093
1392 1 32 1446
1396 1 46 615
1399 1 46 745
1403 4 62 666
1407 4 62 1017
1411 1 36 683
1415 4 36 1740
1419 4 42 2861
1423 1 42 2341
1427 1 66 659
1431 1 66 949
1434 -1 46 2000
1436 1 46 968
1440 4 62 1073
1444 1 62 2067
1448 1 36 553
1452 4 36 1211
1456 4 62 3788
1460 4 62 751
1464 1 46 1233
1468 -1 46 2000
1471 4 32 1428
1475 4 32 2642
1479 1 66 860
1483 1 42 1358
1487 1 32 2511
1491 1 66 961
1495 1 66 514
1501 1 32 2098
1505 4 42 2769
1509 4 36 1157
1513 4 36 1543
1517 1 42 1424
1521 4 42 802
1525 1 66 579
1529 4 62 4149
1533 4 62 1276
1537 4 36 1870
1541 4 36 2399
1545 4 32 1209
1549 4 32 1354
1553 1 66 780
1556 1 66 3053
1560 1 66 905
1564 -1 66 2000
1567 4 42 796
1571 1 42 987
1575 4 32 4360
1579 1 36 1626
1583 1 36 508
1587 1 46 787
1591 1 42 1444
1595 1 42 2027
1599 1 46 810
1603 1 46 876
1607 4 32 2016
1611 1 46 764
1615 4 62 925
1619 1 62 807
206 1 52 1736
210 1 52 1393
214 1 52 920
218 1 46 1258
222 1 46 811
226 1 46 1005
230 1 46 910
234 1 32 2095
238 4 32 2927
242 1 56 932
246 1 56 869
250 4 56 4343
254 4 56 1670
258 4 56 1352
262 1 42 2057
266 4 42 1137
270 4 42 5154
274 4 42 1810
278 1 42 1284
282 1 52 933
286 4 32 1258
290 1 32 5137
294 1 46 756
298 1 46 694
302 -1 56 2000
305 -1 56 2000
307 -1 56 2000
310 4 42 2564
314 1 42 1284
318 4 42 1285
322 4 42 2193
326 4 42 2867
330 4 36 1354
334 4 36 1484
338 1 52 2835
342 1 32 1893
346 4 32 2644
350 1 62 780
354 1 62 781
358 1 32 924
362 4 52 1037
366 1 32 1263
370 4 42 1201
374 1 36 770
378 1 46 900
382 1 56 1765
386 4 52 1047
390 4 52 1721
394 1 46 1270
398 1 32 3095
402 1 46 1612
406 4 32 4989
410 4 36 1547
414 4 36 2509
418 1 56 854
422 1 56 809
426 4 42 2968
430 1 42 917
434 1 42 1350
438 4 42 2619
442 4 32 9304
446 1 66 2426
450 1 66 1481
454 1 36 2394
458 1 32 1012
462 4 42 1765
466 4 42 1191
470 4 36 2003
474 4 42 1050
478 4 42 1809
482 4 36 1922
486 4 36 1236
490 4 32 952
494 1 66 1529
498 1 66 843
502 4 32 828
506 1 66 3134
510 4 32 1162
514 4 36 2428
518 4 36 3179
522 1 56 1394
526 1 46 1140
532 4 32 1443
536 1 46 1012
540 1 56 774
544 -1 56 2000
547 1 46 553
551 1 46 1018
555 1 36 1163
559 1 36 637
563 1 56 670
567 1 56 976
571 1 32 1450
575 4 36 1739
579 4 52 2037
583 4 52 1210
587 1 42 1371
591 1 42 845
595 1 56 958
599 1 46 736
603 1 36 945
607 4 32 2149
611 4 32 8092
615 1 56 1275
619 4 52 1436
623 4 42 1398
627 1 32 2373
631 1 46 601
635 4 36 1723
639 1 46 1708
643 1 36 717
647 1 56 639
651 1 52 1152
655 4 52 1570
659 4 52 1580
663 1 46 1277
667 1 46 1583
671 1 46 560
675 1 62 929
679 1 62 963
683 1 62 1604
687 1 46 1542
691 1 46 1783
695 1 46 617
699 1 62 5618
703 4 32 1971
707 1 32 4023
711 4 36 1366
715 4 36 1624
719 1 66 1641
723 1 52 1211
727 1 52 746
731 1 46 696
735 1 46 1298
739 1 36 596
743 1 46 1189
747 4 32 1084
751 1 42 833
755 4 42 6468
759 4 42 2483
763 1 62 1740
767 4 32 1822
771 1 46 7279
775 1 46 3227
779 1 52 1322
783 4 52 1364
787 4 36 1381
791 4 36 2214
795 1 42 2171
799 1 42 3239
803 1 56 569
807 -1 56 2000
810 4 32 1084
814 4 32 717
818 4 36 1788
822 4 52 1447
826 -1 46 2000
829 1 46 1706
833 4 52 875
837 -1 36 2000
840 4 42 2212
844 1 32 792
848 4 42 1242
852 4 32 939
858 1 56 6145
862 1 56 1049
866 1 62 1307
870 1 32 3483
874 1 62 928
878 4 36 1105
882 1 46 883
886 1 62 948
890 4 36 2501
894 4 36 1732
898 1 66 982
902 1 66 1487
906 4 32 1435
910 4 42 1122
914 1 66 3315
918 1 66 853
922 4 32 1127
926 4 32 2088
930 1 62 1044
934 1 62 804
938 1 46 1161
942 1 46 755
946 1 66 645
950 1 66 534
954 1 42 1735
958 4 42 4313
962 -1 46 2000
965 1 46 597
969 1 32 2358
973 1 32 808
977 1 62 4057
981 1 62 577
985 1 36 530
989 1 36 1251
993 -1 66 2000
996 1 66 742