1000 1 32 2720
1004 1 32 713
1008 1 62 1750
1012 1 62 2327
1016 4 36 1300
1020 4 36 869
1024 1 66 583
1028 1 66 616
1032 1 42 1865
1036 1 42 1003
1040 4 36 1303
1044 4 36 1033
1048 1 32 1626
1052 4 52 876
1056 4 52 813
1060 4 52 3694
1064 4 52 2571
1068 1 32 1717
1072 1 46 695
1075 1 46 632
1079 -1 36 2000
1082 4 42 3019
1086 1 42 1042
1090 1 46 915
1094 1 46 1237
1098 4 52 2278
1102 1 32 1592
1106 4 36 1433
1110 4 36 1755
1114 4 42 4268
1118 1 42 3196
1122 4 42 1750
1126 1 56 583
1130 1 56 1737
1134 4 36 1018
1138 4 36 2156
1142 1 32 1961
1146 4 32 1434
1150 1 46 1324
1154 1 56 877
1158 4 62 1231
1162 1 32 1200
1166 1 56 882
1170 1 56 1763
1174 4 32 1189
1178 1 46 870
1182 4 42 903
1186 4 42 1449
1190 4 62 1146
1194 1 46 1068
1198 1 46 1037
1202 1 46 1327
1206 1 46 1112
1210 1 32 1066
1214 4 32 1113
1220 4 36 1428
1224 4 36 1957
1228 4 36 935
1232 4 62 1192
1236 4 62 820
1240 1 66 1766
1244 1 66 999
1248 1 66 681
1252 1 42 1082
1256 4 42 2668
1260 1 66 1067
1264 1 46 924
1268 4 42 1709
1272 4 42 2895
1276 1 66 1307
1280 1 66 1901
1284 4 62 1201
1288 4 62 867
1292 4 36 1380
1296 4 32 1589
1300 4 32 823
1304 4 36 1496
1308 4 36 1210
1312 1 52 955
1316 4 52 835
1320 1 46 1252
1324 1 46 982
1328 1 32 775
1332 4 32 886
1336 1 56 615
1340 1 56 713
1344 1 42 826
1348 4 42 873
1352 4 36 987
1356 4 36 908
1360 4 52 2102
1364 4 52 677
1368 4 52 1366
1372 1 56 760
1376 1 56 905
1380 1 56 1034
1384 1 32 940
1388 4 32 3949
1392 4 32 1296
1396 1 46 817
1400 1 46 1314
1404 1 46 1844
1408 4 42 709
1412 1 42 823
1416 1 42 808
1420 4 36 3834
1424 4 36 1572
1428 4 36 677
1432 1 32 1682
1436 1 32 729
1440 1 46 666
1444 1 46 780
1448 4 62 877
1452 4 62 809
1456 4 36 795
1460 4 36 780
1464 4 42 649
1468 1 42 2266
1472 1 66 1241
1476 1 66 730
1480 1 46 740
1484 1 46 1301
1488 4 62 551
1492 4 62 1400
1496 4 36 890
1500 4 36 1355
1504 4 62 919
1508 4 62 632
1512 1 46 761
1516 1 46 635
1520 1 32 4530
1524 4 32 1080
1528 1 66 1113
1532 1 42 774
1536 1 32 1447
1540 1 66 713
1544 1 66 762
1550 1 32 1962
1554 4 42 716
1558 4 36 781
1562 4 36 959
1566 1 42 1168
1570 4 42 999
1574 1 66 1256
1578 4 62 1306
1582 4 62 715
1586 4 36 968
1590 4 36 2313
1594 4 32 811
1598 4 32 2124
1602 1 66 849
1606 1 66 850
1610 1 66 1331
1614 1 66 661
1618 4 42 838
1622 1 42 1536
1626 4 32 3140
1630 4 36 900
1634 4 36 981
1638 1 46 919
1642 4 42 2776
1646 1 42 1052
1650 1 46 1326
1654 1 46 1103
1658 4 32 897
1662 1 46 738
1666 4 62 1636
1670 1 62 774
239 1 52 951
243 1 52 1912
247 1 52 586
251 -1 46 2000
253 -1 46 2000
255 1 46 654
258 -1 46 2000
261 -1 32 2000
264 4 32 4850
268 1 56 728
271 -1 56 2000
273 1 56 618
277 4 56 1916
281 4 56 925
285 1 42 727
289 4 42 1112
293 4 42 858
297 4 42 2937
301 1 42 883
305 1 52 1396
309 4 32 732
313 1 32 2408
317 1 46 1093
321 1 46 758
325 1 56 584
329 1 56 905
333 1 56 603
337 1 42 1892
341 1 42 806
345 4 42 1303
349 4 42 2249
353 1 42 666
357 1 36 508
361 4 36 1165
365 1 52 959
369 1 32 3888
373 4 32 3541
377 1 62 1044
381 4 62 1190
385 1 32 1143
389 4 52 713
393 1 32 2650
397 4 42 2982
401 1 36 790
405 1 46 1111
409 1 56 585
413 4 52 1962
417 4 52 1049
421 1 46 810
425 1 32 3625
429 1 46 1305
433 4 32 2298
437 4 36 1073
441 4 36 1026
445 1 56 996
449 1 56 597
453 4 42 1671
457 1 42 776
461 1 42 986
465 1 42 2091
469 4 32 679
473 1 66 969
477 1 66 1098
481 4 36 1766
485 1 32 1013
489 4 42 3783
493 4 42 2294
497 4 36 890
501 4 42 908
505 4 42 1357
509 4 36 1663
513 4 36 832
517 4 32 1362
521 1 66 742
525 1 66 535
529 4 32 2537
533 1 66 592
537 4 32 1073
541 4 36 899
545 4 36 2532
549 1 56 2216
553 1 46 973
559 4 32 3234
563 1 46 1428
567 1 56 597
571 1 56 758
575 1 46 808
579 1 46 905
583 4 36 971
587 4 36 2268
591 1 56 1035
595 1 56 669
599 1 32 894
603 4 36 2383
607 4 52 1378
611 4 52 2483
615 1 42 1280
619 1 42 786
623 1 56 531
627 1 46 1365
631 4 36 1046
635 1 32 1336
639 4 32 3209
643 1 56 694
647 4 52 1383
651 4 42 1222
655 1 32 1688
659 1 46 1705
663 4 36 859
667 1 46 988
671 4 36 1070
675 1 56 863
679 1 52 1025
683 4 52 1503
687 4 52 1126
691 1 46 904
695 1 46 681
699 1 46 971
703 1 62 828
707 1 62 910
711 1 62 1540
715 1 46 1238
719 1 46 1479
723 1 46 2617
727 1 62 1142
731 1 32 1472
735 1 32 1447
739 4 36 1640
743 4 36 858
747 1 66 1083
751 1 52 2226
755 1 52 1161
759 1 46 1115
763 1 46 775
767 4 36 904
771 1 46 1034
775 1 32 1307
779 1 42 957
783 4 42 1550
787 4 42 1920
791 1 62 1473
795 1 32 1586
799 1 46 2058
803 1 46 721
807 4 52 1529
811 4 52 2970
815 4 36 1783
819 4 36 872
823 1 42 7231
827 1 42 1250
831 1 56 1121
835 1 56 1072
839 4 32 2737
843 4 32 2097
847 4 36 1037
851 4 52 775
855 -1 46 2000
858 4 46 1114
862 4 52 1095
866 4 36 915
870 4 42 1632
874 1 32 1329
878 4 42 1024
882 4 32 2194
888 1 56 794
892 1 56 3867
896 1 62 1643
900 1 32 1788
904 1 62 816
908 4 36 898
912 1 46 979
916 1 62 1653
920 4 36 1545
924 4 36 1066
928 1 66 1244
932 1 66 669
936 4 32 642
940 4 42 1155
944 1 66 869
948 4 66 3190
952 4 32 1025
956 4 32 1282
960 1 62 1091
964 1 62 837
968 1 46 518
972 1 46 664
976 1 66 633
980 1 66 555
984 1 42 1034
988 4 42 907
992 1 46 637
996 1 46 574