1001 1 42 1023
1005 4 42 705
1009 1 46 1016
1013 1 46 697
1017 1 32 2698
1021 1 32 671
1025 1 62 896
1029 1 62 1426
1033 4 36 1411
1037 4 36 1925
1041 1 66 1238
1045 1 66 616
1049 1 42 745
1053 1 42 1274
1057 1 36 2188
1061 4 36 2667
1065 1 32 1194
1069 4 52 729
1073 4 52 970
1077 4 52 921
1081 4 52 1499
1085 1 32 924
1089 1 46 734
1093 1 46 751
1097 4 36 961
1101 4 42 1154
1105 1 42 755
1109 1 46 613
1113 1 46 886
1117 4 52 1032
1121 1 32 1785
1125 4 36 891
1129 4 36 1084
1133 4 42 5453
1137 1 42 891
1141 4 42 1244
1145 -1 56 2000
1148 1 56 607
1152 1 36 1579
1156 4 36 813
1160 1 32 785
1164 4 32 1187
1168 1 46 660
1172 1 56 597
1176 4 62 1575
1180 1 32 616
1184 -1 56 2000
1187 1 56 555
1191 4 32 781
1195 1 46 1326
1199 4 42 2101
1203 1 42 580
1207 4 62 2421
1211 1 46 1332
1215 1 46 534
1219 1 46 695
1223 1 46 1145
1227 1 32 1050
1231 4 32 1494
1237 4 36 1004
1241 4 36 830
1245 4 36 735
1249 4 62 1201
1253 4 62 706
1257 1 66 1332
1261 1 66 3941
1265 1 66 661
1269 1 42 790
1273 4 42 1175
1277 1 66 1001
1281 1 46 1546
1285 4 42 1084
1289 4 42 877
1293 1 66 1231
1297 1 66 1424
1301 4 62 1234
1305 4 62 739
1309 4 36 1013
1313 4 32 790
1317 4 32 1575
1321 4 36 2089
1325 4 36 1288
1329 4 52 745
1333 4 52 939
1337 1 46 508
1341 1 46 2448
1345 1 32 842
1349 4 32 700
1353 1 56 573
1356 1 56 558
1360 1 42 864
1364 4 42 513
1368 4 36 723
1372 4 36 852
1376 4 52 1236
1379 4 52 549
1383 4 52 871
1387 1 56 552
1391 -1 56 2000
1393 -1 56 2000
1396 1 32 1210
1400 4 32 1835
1404 4 32 637
1408 1 46 788
1412 1 46 549
1416 1 46 1111
1420 4 42 1224
1424 1 42 1289
1428 1 42 715
1432 1 36 1068
1436 4 36 886
1440 4 36 920
1444 1 32 1161
1448 1 32 810
1452 1 46 604
1456 1 46 573
1460 4 62 623
1464 4 62 640
1468 4 36 1874
1472 4 36 723
1476 4 42 607
1480 1 42 929
1484 1 66 1090
1488 1 66 868
1492 1 46 757
1496 -1 46 2000
1499 4 62 552
1503 4 62 1513
1507 4 36 1019
1511 4 36 1308
1515 4 62 966
1519 4 62 616
1523 4 46 823
1527 1 46 744
1531 1 32 2996
1535 4 32 1190
1539 -1 66 2000
1542 1 42 841
1546 1 32 1210
1550 1 66 956
1554 1 66 541
1560 1 32 5158
1564 4 42 824
1568 4 36 1930
1572 4 36 1179
1576 1 42 781
1580 4 42 1326
1584 1 66 1344
1588 4 62 817
1592 4 62 595
1596 4 36 805
1600 4 36 1030
1604 4 32 872
1608 4 32 809
1612 1 66 1736
1616 -1 66 2000
1619 1 66 555
1623 1 66 540
1627 4 42 1422
1631 1 42 799
1635 1 32 2625
1639 4 36 824
1643 4 36 889
1647 1 46 1738
1651 1 42 1180
1655 1 42 717
1659 1 46 1855
1663 1 46 640
1667 4 32 690
1671 1 46 531
1675 4 62 517
1679 1 62 742
253 1 52 1175
257 1 52 1689
261 1 52 858
265 1 46 891
269 1 46 621
273 1 46 958
277 1 46 960
281 1 32 1297
285 4 32 3968
289 1 56 1032
293 1 56 650
297 4 56 3195
301 4 56 2405
305 4 56 2193
309 1 42 2011
313 4 42 1047
317 4 42 1001
321 4 42 2274
325 1 42 964
329 1 52 693
333 4 32 1935
337 1 32 1536
341 1 46 2578
345 1 46 1174
349 1 56 1032
353 1 56 777
357 1 56 1883
361 1 42 1169
365 1 42 931
369 4 42 1476
373 4 42 1014
377 1 42 1335
381 4 36 1513
385 1 36 3498
389 1 52 778
393 1 32 891
397 4 32 1420
401 1 62 670
405 1 62 1056
409 1 32 1057
413 4 52 818
417 1 32 2436
421 4 42 1061
425 4 36 1319
429 1 46 952
433 1 56 602
437 4 52 923
441 4 52 861
445 1 46 1550
449 1 32 3279
453 1 46 569
457 4 32 2315
461 4 36 1316
465 4 36 972
469 1 56 766
473 1 56 735
477 4 42 1280
481 1 42 706
485 1 42 931
489 1 42 1637
493 4 32 1127
497 1 66 968
501 -1 66 2000
504 4 36 1323
508 1 32 1740
512 4 42 1742
516 4 42 1471
520 4 36 1425
524 4 42 1234
528 4 42 1268
532 4 36 917
536 4 36 921
540 4 32 2107
544 1 66 1290
548 1 66 619
552 4 32 1074
556 1 66 628
560 4 32 2085
564 4 36 1521
568 4 36 2195
572 1 56 1172
576 1 46 1126
582 4 32 1426
586 1 46 1027
590 1 56 725
594 1 56 662
598 1 46 728
602 1 46 1785
606 4 36 1627
610 4 36 1580
614 1 56 669
618 1 56 639
622 1 32 944
626 4 36 1751
630 4 52 1625
634 4 52 1018
638 1 42 1657
642 1 42 875
646 -1 56 2000
649 1 46 606
653 4 36 1199
657 1 32 1475
661 4 32 1685
665 4 56 902
669 4 52 920
673 4 42 1209
677 1 32 827
681 1 46 1036
685 4 36 1291
689 1 46 3468
693 4 36 1052
697 1 56 589
701 1 52 591
705 4 52 1984
709 4 52 759
713 1 46 936
717 1 46 650
721 1 46 955
725 1 62 796
729 1 62 1886
733 1 62 896
737 1 46 1217
741 1 46 755
745 1 46 532
749 1 62 684
753 4 32 2157
757 1 32 1606
761 4 36 2952
765 4 36 898
769 1 66 563
773 1 52 1157
777 1 52 742
781 1 46 1304
785 1 46 1193
789 4 36 779
793 1 46 1196
797 1 32 923
801 1 42 845
805 4 42 1230
809 4 42 2303
813 1 62 774
817 1 32 2072
821 1 46 977
825 1 46 931
829 4 52 1042
833 4 52 1443
837 4 36 964
841 4 36 870
845 1 42 4039
849 1 42 874
853 1 56 1017
857 1 56 1066
861 4 32 2348
865 4 32 1611
869 4 36 956
873 4 52 851
877 1 46 532
881 1 46 2662
885 4 52 1013
889 4 36 758
893 4 42 2648
897 1 32 791
901 4 42 952
905 4 32 1642
911 1 56 836
915 1 56 1317
919 1 62 807
923 1 32 2040
927 1 62 826
931 4 36 731
935 1 46 861
939 1 62 910
943 4 36 975
947 4 36 785
951 1 66 1058
955 1 66 532
959 4 32 1376
963 4 42 834
967 1 66 531
971 -1 66 2000
974 4 32 1238
978 4 32 1146
982 1 62 604
986 1 62 829
990 1 46 910
993 1 46 624
996 -1 66 2000
998 -1 66 2000