1000 1 66 1557
1004 1 66 1447
1008 1 42 1190
1012 4 42 1655
1016 1 46 1065
1020 1 46 1402
1024 1 32 1329
1028 1 32 930
1032 1 62 1574
1036 1 62 1544
1040 4 36 1529
1044 4 36 1211
1048 1 66 844
1052 1 66 750
1056 1 42 735
1060 1 42 1168
1064 4 36 1698
1068 4 36 1235
1072 1 32 1285
1076 4 52 870
1080 4 52 680
1084 4 52 1545
1088 4 52 1691
1092 1 32 1122
1096 1 46 1507
1100 1 46 1221
1104 4 36 998
1108 4 42 1303
1112 1 42 1081
1116 4 46 1066
1120 1 46 1132
1124 4 52 1229
1128 1 32 975
1132 4 36 1664
1136 4 36 1249
1140 1 42 1763
1144 1 42 1236
1148 1 42 1526
1152 1 56 679
1156 1 56 1049
1160 4 36 1834
1164 4 36 1036
1168 1 32 1560
1172 4 32 1194
1176 1 46 1179
1180 1 56 972
1184 4 62 1430
1188 1 32 1112
1192 1 56 873
1196 1 56 938
1200 4 32 1116
1204 1 46 1251
1208 4 42 1124
1212 4 42 742
1216 4 62 1031
1220 1 46 1992
1224 1 46 869
1228 1 46 1574
1232 1 46 1559
1236 4 32 2105
1240 4 32 1176
1246 4 36 1220
1250 4 36 885
1254 4 36 743
1258 4 62 1480
1262 4 62 1034
1266 1 66 1099
1270 1 66 988
1274 1 66 910
1278 1 42 1087
1282 4 42 1537
1286 1 66 1136
1290 1 46 1041
1294 4 42 1795
1298 4 42 2468
1302 1 66 1723
1306 1 66 1308
1310 4 62 1022
1314 4 62 703
1318 4 36 1137
1322 4 32 1026
1326 4 32 724
1330 4 36 1557
1334 4 36 1750
1338 4 52 1283
1342 4 52 1090
1346 1 46 1171
1350 1 46 772
1354 1 32 1078
1358 4 32 1687
1362 1 56 953
1366 1 56 666
1370 1 42 1420
1374 4 42 1197
1378 4 36 1038
1382 4 36 896
1386 4 52 1809
1390 4 52 899
1394 4 52 1300
1398 1 56 742
1402 1 56 951
1406 1 56 633
1410 1 32 1690
1414 4 32 2395
1418 4 32 1861
1422 1 46 1820
1426 1 46 749
1430 1 46 639
1434 4 42 688
1438 1 42 1138
1442 1 42 819
1446 4 36 1364
1450 4 36 806
1454 4 36 951
1458 1 32 1014
1462 1 32 1493
1466 1 46 1207
1470 1 46 1400
1474 4 62 1103
1478 4 62 1296
1482 4 36 1634
1486 4 36 1459
1490 4 42 805
1494 1 42 902
1498 1 66 1847
1502 1 66 1241
1506 1 46 1002
1510 1 46 940
1514 4 62 800
1518 1 62 1313
1522 4 36 1235
1526 4 36 1476
1530 4 62 1281
1534 4 62 866
1538 1 46 948
1542 1 46 901
1546 4 32 2663
1550 4 32 1907
1554 1 66 613
1558 1 42 806
1562 1 32 1351
1566 1 66 1497
1570 1 66 1402
1576 1 32 1027
1580 4 42 677
1584 4 36 1078
1588 4 36 1368
1592 1 42 649
1596 4 42 875
1600 1 66 684
1604 4 62 861
1608 4 62 799
1612 4 36 928
1616 4 36 1538
1620 4 32 803
1624 4 32 709
1628 1 66 1030
1632 1 66 824
1636 1 66 809
1640 1 66 938
1644 4 42 684
1648 1 42 1704
1652 1 32 2196
1656 4 36 902
1660 4 36 1191
1664 1 46 1481
1668 1 42 1088
1672 1 42 897
1676 1 46 1394
1680 1 46 884
1684 4 32 2085
1688 1 46 1106
1692 4 62 755
1696 1 62 1162
253 1 52 1186
257 1 52 1684
261 1 52 981
265 1 46 663
269 1 46 600
272 1 46 730
276 1 46 1291
280 1 32 1005
284 4 32 3294
288 1 56 1259
292 1 56 1068
296 4 56 1997
300 4 56 1442
304 4 56 1139
308 1 42 1192
312 4 42 985
316 4 42 827
320 4 42 3676
324 1 42 1049
328 1 52 682
332 4 32 1212
336 1 32 1341
340 1 46 1710
344 1 46 1136
348 1 56 2193
352 1 56 787
356 1 56 1268
360 1 42 1467
364 1 42 797
368 4 42 942
372 4 42 1712
376 1 42 2753
380 4 36 1491
384 4 36 1060
388 1 52 2118
392 1 32 1095
396 4 32 1225
400 1 62 642
404 1 62 1092
408 1 32 1221
412 4 52 839
416 1 32 1384
420 4 42 1545
424 4 36 1067
428 1 46 1228
432 1 56 974
436 4 52 930
440 4 52 836
444 1 46 949
448 1 32 3044
452 1 46 1217
456 4 32 1106
460 4 36 1459
464 4 36 1586
468 1 56 1428
472 1 56 1253
476 4 42 2679
480 1 42 1048
484 1 42 986
488 1 42 1627
492 4 32 1850
496 1 66 1382
500 1 66 1400
504 4 36 1321
508 1 32 1339
512 1 42 2604
516 4 42 1331
520 4 36 1815
524 4 42 969
528 4 42 1466
532 4 36 972
536 4 36 912
540 4 32 1377
544 1 66 995
548 1 66 628
552 4 32 646
556 1 66 1335
560 4 32 1417
564 4 36 1162
568 4 36 1649
572 1 56 1634
576 1 46 2260
582 4 32 2011
586 1 46 1575
590 1 56 648
594 1 56 1178
598 1 46 1035
602 1 46 1469
606 4 36 1406
610 4 36 1055
614 1 56 737
618 1 56 1250
622 1 32 916
626 4 36 1685
630 4 52 1143
634 4 52 1736
638 1 42 1607
642 1 42 953
646 1 56 634
650 1 46 908
654 4 36 2301
658 1 32 2148
662 4 32 1947
666 1 56 1308
670 4 52 1782
674 4 42 1271
678 1 32 2089
682 1 46 1445
686 4 36 982
690 1 46 1512
694 4 36 1561
698 1 56 1248
702 1 52 642
706 4 52 1459
710 4 52 1285
714 1 46 1094
718 1 46 1365
722 1 46 1959
726 1 62 1160
730 1 62 1018
734 1 62 1320
738 1 46 1338
742 1 46 1019
746 1 46 957
750 1 62 958
754 1 32 1792
758 1 32 2028
762 4 36 1179
766 4 36 1228
770 1 66 910
774 1 52 1082
778 1 52 875
782 1 46 936
786 1 46 964
790 4 36 885
794 1 46 1079
798 1 32 1096
802 1 42 1082
806 4 42 1547
810 4 42 2460
814 1 62 1539
818 1 32 2120
822 1 46 1417
826 1 46 1131
830 4 52 1772
834 4 52 2541
838 4 36 1364
842 4 36 1169
846 1 42 1202
850 1 42 979
854 1 56 949
858 1 56 1956
862 4 32 1574
866 4 32 1991
870 4 36 1059
874 4 52 1272
878 4 46 1961
882 1 46 2395
886 4 52 1220
890 4 36 2150
894 4 42 2725
898 1 32 833
902 4 42 3347
906 4 32 2602
912 1 56 1304
916 1 56 1001
920 1 62 1451
924 1 32 1212
928 1 62 1454
932 4 36 943
936 1 46 1936
940 1 62 1122
944 4 36 1315
948 4 36 1016
952 1 66 1193
956 1 66 771
960 4 32 1066
964 4 42 1147
968 1 66 778
972 1 66 1803
976 4 32 1677
980 4 32 1006
984 1 62 752
988 1 62 1873
992 1 46 1507
996 1 46 1684