1001 1 66 638
1005 1 42 911
1009 4 42 1377
1013 1 46 546
1017 1 46 836
1021 1 32 1445
1025 1 32 550
1029 1 62 952
1033 1 62 1113
1037 4 36 1067
1041 4 36 908
1045 4 66 542
1049 1 66 559
1053 1 42 704
1057 1 42 1154
1061 4 36 867
1065 4 36 709
1069 1 32 1014
1073 4 52 632
1077 -1 52 2000
1080 4 52 1195
1084 4 52 956
1088 4 32 1149
1092 1 46 623
1096 1 46 560
1100 4 36 770
1104 4 42 979
1108 1 42 581
1112 1 46 662
1115 1 46 520
1119 4 52 777
1123 1 32 602
1127 4 36 956
1131 4 36 1405
1135 4 42 2111
1139 1 42 704
1143 4 42 1138
1147 -1 56 2000
1150 -1 56 2000
1153 4 36 998
1157 4 36 1399
1161 1 32 697
1165 4 32 746
1169 1 46 540
1173 1 56 509
1177 4 62 767
1181 1 32 752
1185 1 56 849
1189 1 56 563
1193 4 32 756
1197 1 46 902
1201 4 42 727
1205 4 42 681
1209 4 62 858
1213 1 46 732
1217 1 46 829
1221 1 46 654
1225 1 46 560
1229 4 32 833
1233 4 32 755
1239 4 36 1240
1243 4 36 857
1247 4 36 682
1251 4 62 1164
1255 4 62 589
1259 1 66 671
1263 1 66 512
1266 1 66 530
1270 1 42 659
1274 4 42 1237
1278 1 66 550
1282 1 46 679
1286 4 42 1033
1290 4 42 1338
1294 1 66 780
1298 1 66 573
1302 4 62 1455
1306 4 62 832
1310 4 36 785
1314 4 32 659
1318 4 32 532
1322 4 36 854
1326 4 36 1575
1330 4 52 537
1334 4 52 938
1338 1 46 540
1342 1 46 637
1346 1 32 574
1350 4 32 752
1354 1 56 529
1358 1 56 1043
1362 1 42 660
1366 4 42 950
1370 4 36 775
1374 4 36 713
1378 4 52 1146
1382 4 52 619
1386 4 52 1069
1390 1 56 558
1394 -1 56 2000
1397 1 56 529
1401 1 32 931
1405 4 32 1476
1409 4 32 629
1413 1 46 535
1417 1 46 568
1421 -1 46 2000
1424 4 42 779
1428 1 42 685
1432 1 42 606
1436 4 36 1408
1440 4 36 593
1444 4 36 818
1448 1 32 1348
1452 1 32 1413
1456 1 46 599
1460 1 46 552
1464 4 62 666
1468 4 62 795
1472 4 36 860
1476 4 36 686
1480 4 42 655
1484 4 42 1281
1488 -1 66 2000
1491 1 66 580
1495 -1 46 2000
1498 1 46 583
1502 4 62 632
1506 4 62 665
1510 4 36 779
1514 4 36 1244
1518 4 62 1017
1522 4 62 538
1526 4 46 604
1530 1 46 541
1534 1 32 1828
1538 4 32 1045
1542 -1 66 2000
1545 1 42 680
1549 1 32 586
1553 1 66 587
1557 1 66 653
1563 1 32 1337
1567 4 42 682
1571 4 36 716
1575 4 36 941
1579 1 42 814
1583 4 42 848
1587 1 66 609
1591 4 62 707
1595 4 62 676
1599 4 36 854
1603 4 36 1415
1607 4 32 1465
1611 4 32 1434
1615 1 66 747
1619 1 66 541
1623 1 66 606
1627 1 66 592
1631 4 42 545
1635 1 42 1080
1639 1 32 2052
1643 1 36 537
1646 4 36 746
1650 1 46 987
1654 1 42 989
1658 1 42 926
1662 1 46 608
1666 1 46 737
1670 4 32 1011
1674 1 46 516
1678 4 62 885
1682 1 62 855
252 1 52 1897
256 1 52 875
260 1 52 764
264 1 46 701
268 1 46 767
272 1 46 944
276 1 46 930
280 1 32 883
284 4 32 4837
288 1 56 567
292 1 56 692
296 4 56 1441
300 4 56 1122
304 4 56 1140
308 1 42 1144
312 4 42 1369
316 4 42 1131
320 4 42 3265
324 1 42 1179
328 1 52 669
332 4 32 1001
336 1 32 1195
340 1 46 1276
344 1 46 622
348 1 56 847
352 1 56 640
356 1 56 1458
360 1 42 1459
364 1 42 661
368 4 42 1014
372 4 42 1864
376 1 42 1017
380 4 36 1019
384 4 36 812
388 1 52 1197
392 1 32 975
396 4 32 2470
400 1 62 829
404 1 62 1230
408 1 32 912
412 4 52 769
416 1 32 1010
420 4 42 1252
424 4 36 885
428 1 46 967
432 1 56 712
436 4 52 666
440 1 52 1115
444 1 46 1596
448 1 32 1438
452 1 46 1503
456 4 32 1521
460 4 36 994
464 4 36 740
468 1 56 1013
472 1 56 615
476 4 42 1000
480 1 42 729
484 1 42 1163
488 1 42 876
492 4 32 952
496 1 66 874
500 1 66 523
504 4 36 1085
508 1 32 670
512 4 42 2240
516 4 42 985
520 4 36 891
524 4 42 844
528 4 42 925
532 4 36 751
536 4 36 576
540 4 32 1186
544 1 66 739
548 1 66 549
552 4 32 1190
556 1 66 1000
560 4 32 1497
564 4 36 1098
568 4 36 892
572 1 56 973
576 1 46 1007
582 4 32 1542
586 1 46 1031
590 1 56 953
594 1 56 1162
598 1 46 972
602 1 46 1037
606 4 36 942
610 4 36 1376
614 1 56 1041
618 1 56 963
622 1 32 724
626 4 36 790
630 4 52 1207
634 4 52 552
638 1 42 2037
642 1 42 614
646 -1 56 2000
649 1 46 729
653 4 36 858
657 1 32 1260
661 4 32 1709
665 1 56 543
669 4 52 736
673 4 42 1266
677 1 32 707
681 1 46 548
685 4 36 918
689 1 46 1415
693 4 36 1401
697 1 56 522
701 1 52 668
705 4 52 845
709 4 52 911
713 1 46 592
717 1 46 657
721 1 46 963
725 1 62 804
729 1 62 662
733 1 62 1455
737 1 46 513
741 1 46 754
745 1 46 1254
749 1 62 952
753 4 32 1769
757 1 32 1355
761 4 36 1004
765 4 36 1054
769 1 66 799
773 1 52 833
777 1 52 962
781 1 46 931
785 1 46 1077
789 4 36 1190
793 1 46 728
797 1 32 793
801 1 42 891
805 4 42 828
809 4 42 1421
813 1 62 927
817 1 32 1600
821 1 46 594
825 1 46 611
829 4 52 1205
833 4 52 726
837 4 36 1784
841 4 36 809
845 1 42 2586
849 1 42 553
853 1 56 571
857 1 56 620
861 4 32 1454
865 4 32 879
869 4 36 993
873 4 52 882
877 -1 46 2000
880 1 46 1381
884 4 52 790
888 4 36 696
892 4 42 2828
896 1 32 731
900 4 42 925
904 4 32 1022
910 1 56 637
914 1 56 702
918 1 62 1024
922 1 32 865
926 1 62 594
930 4 36 756
934 1 46 677
938 1 62 1095
942 4 36 808
946 4 36 730
950 1 66 603
954 1 66 621
958 4 32 1070
962 4 42 1215
966 1 66 689
970 1 66 514
974 4 32 996
978 4 32 1013
982 1 62 727
986 1 62 616
990 1 46 569
994 -1 46 2000
997 1 66 1772