1001 1 66 1127
1005 1 66 1560
1009 1 42 2607
1013 4 42 2020
1017 1 46 1456
1021 1 46 833
1025 1 32 2145
1029 1 32 1159
1033 1 62 1079
1037 1 62 2648
1041 4 36 3178
1045 4 36 961
1049 1 66 838
1053 1 66 695
1057 1 42 1401
1061 1 42 1946
1065 4 36 2663
1069 4 36 1580
1073 1 32 3021
1077 4 52 949
1081 4 52 1702
1085 4 52 2408
1089 4 52 3236
1093 1 32 1462
1097 1 46 1189
1101 1 46 2887
1105 4 36 1875
1109 4 42 2293
1113 1 42 1193
1117 1 46 1715
1121 1 46 996
1125 4 52 2547
1129 1 32 838
1133 4 36 1840
1137 4 36 1633
1141 4 42 7544
1145 1 42 2089
1149 1 42 1909
1153 1 56 791
1157 1 56 1368
1161 4 36 1514
1165 4 36 1355
1169 1 32 1136
1173 4 32 1393
1177 1 46 1443
1181 1 56 724
1185 4 62 1622
1189 1 32 2199
1193 1 56 1081
1197 1 56 1219
1201 4 32 1604
1205 1 46 902
1209 4 42 1143
1213 4 42 888
1217 4 62 2266
1221 1 46 2089
1225 1 46 917
1229 1 46 790
1233 1 46 888
1237 1 32 2377
1241 4 32 1144
1247 4 36 2120
1251 4 36 3002
1255 4 36 2188
1259 4 62 1211
1263 4 62 2844
1267 1 66 777
1271 1 66 1074
1275 1 66 969
1279 1 42 2986
1283 4 42 1770
1287 1 66 5035
1291 1 46 683
1295 4 42 2524
1299 4 42 3747
1303 1 66 2139
1307 1 66 1938
1311 4 62 1571
1315 4 62 1173
1319 4 36 1084
1323 4 32 699
1327 1 32 1263
1331 1 36 2448
1335 4 36 1968
1339 4 52 1412
1343 4 52 1670
1347 1 46 647
1351 1 46 961
1355 1 32 707
1359 4 32 1034
1363 1 56 1371
1367 1 56 1210
1371 1 42 1051
1375 4 42 848
1379 4 36 2417
1383 4 36 1360
1387 4 52 3234
1391 4 52 931
1395 4 52 2435
1399 1 56 1236
1403 1 56 2902
1407 1 56 705
1411 1 32 1298
1415 4 32 5252
1419 4 32 860
1423 1 46 1633
1427 1 46 1618
1431 1 46 1540
1435 4 42 725
1439 1 42 2583
1443 1 42 822
1447 4 36 1717
1451 4 36 1126
1455 4 36 1160
1459 1 32 1727
1463 1 32 3347
1467 1 46 1435
1471 4 46 5628
1475 4 62 890
1479 4 62 868
1483 4 36 2469
1487 4 36 1196
1491 4 42 1304
1495 1 42 2714
1499 1 66 1012
1503 1 66 1605
1507 1 46 663
1511 4 46 4152
1515 4 62 4277
1519 1 62 1328
1523 4 36 1153
1527 4 36 2722
1531 4 62 1507
1535 4 62 2761
1539 2 46 939
1543 2 46 1709
1547 4 32 3628
1551 4 32 7675
1555 2 66 727
1559 2 42 1480
1563 2 32 954
1567 2 66 1083
1571 2 66 748
1577 1 32 1477
1581 4 42 1814
1585 4 36 1144
1589 4 36 2228
1593 1 42 791
1597 4 42 982
1601 1 66 1272
1605 4 62 1129
1609 4 62 864
1613 4 36 1826
1617 4 36 4163
1621 4 32 939
1625 4 32 1117
1629 1 66 2526
1633 1 66 784
1637 1 66 769
1641 1 66 627
1645 4 42 724
1649 1 42 1601
1653 4 32 3091
1657 4 36 1063
1661 4 36 1154
1665 1 46 2596
1669 1 42 1157
1673 1 42 1607
1677 1 46 3496
1681 1 46 1101
1685 4 32 1092
1689 1 46 1345
1693 4 62 1378
1697 1 62 2855
253 1 52 1499
257 1 52 1647
261 1 52 881
265 1 46 1250
269 1 46 868
273 1 46 1061
277 1 46 1847
281 1 32 1368
285 4 32 6674
289 1 56 1139
293 1 56 1818
297 4 56 4107
301 4 56 6123
305 4 56 2128
309 1 42 2789
313 4 42 4836
317 4 42 1047
321 4 42 12546
325 1 42 1159
329 1 52 744
333 4 32 1872
337 1 32 1079
341 1 46 1288
345 1 46 906
349 1 56 1019
353 1 56 722
357 1 56 1272
361 1 42 1703
365 1 42 921
369 4 42 1290
373 4 42 2716
377 1 42 2789
381 4 36 2060
385 4 36 1468
389 1 52 899
393 1 32 756
397 4 32 4294
401 1 62 955
405 1 62 1100
409 1 32 734
413 4 52 1551
417 1 32 2161
421 4 42 1658
425 4 36 1547
429 1 46 1661
433 1 56 956
437 4 52 1453
441 4 52 1367
445 1 46 937
449 1 32 2458
453 1 46 1082
457 4 32 1788
461 4 36 1437
465 4 36 1973
469 1 56 633
473 1 56 746
477 4 42 2858
481 1 42 641
485 1 42 2530
489 1 42 1303
493 4 32 3414
497 1 66 731
501 1 66 1324
505 4 36 3549
509 1 32 1382
513 4 42 4359
517 4 42 890
521 4 36 2377
525 4 42 2920
529 4 42 1562
533 4 36 1487
537 4 36 1193
541 4 32 1738
545 1 66 1132
549 1 66 2285
553 4 32 964
557 4 66 1813
561 4 32 4410
565 4 36 1895
569 4 36 2344
573 1 56 791
577 1 46 2905
583 4 32 2810
587 1 46 1058
591 1 56 707
595 1 56 677
599 1 46 1398
603 1 46 1688
607 4 36 1209
611 4 36 2040
615 1 56 874
619 1 56 875
623 1 32 1229
627 4 36 2366
631 4 52 1803
635 4 52 3677
639 1 42 1343
643 1 42 705
647 1 56 626
651 1 46 969
655 4 36 1434
659 1 32 1567
663 4 32 3440
667 1 56 1322
671 4 52 876
675 4 42 1885
679 1 32 991
683 1 46 1093
687 4 36 1382
691 1 46 1432
695 4 36 1385
699 1 56 746
703 1 52 796
707 4 52 3133
711 4 52 1189
715 1 46 663
719 1 46 912
723 1 46 1010
727 1 62 755
731 1 62 1957
735 1 62 1364
739 1 46 3254
743 1 46 858
747 1 46 1340
751 1 62 1016
755 4 32 3721
759 1 32 1508
763 4 36 1045
767 4 36 1095
771 1 66 760
775 1 52 824
779 1 52 1913
783 1 46 1115
787 1 46 924
791 4 36 2653
795 1 46 1338
799 1 32 1771
803 1 42 1853
807 4 42 1358
811 4 42 2931
815 1 62 983
819 1 32 1113
823 1 46 890
827 1 46 4540
831 4 52 1795
835 4 52 1845
839 4 36 1350
843 4 36 2040
847 1 42 3689
851 1 42 790
855 1 56 3959
859 1 56 1002
863 4 32 4075
867 4 32 1653
871 4 36 1839
875 4 52 1337
879 1 46 1219
883 1 46 2404
887 4 52 768
891 4 36 1122
895 4 42 3641
899 1 32 1035
903 1 42 1248
907 4 32 2476
913 1 56 856
917 1 56 882
921 1 62 1027
925 1 32 1268
929 1 62 1526
933 4 36 983
937 1 46 1001
941 1 62 3450
945 4 36 935
949 4 36 2680
953 1 66 1339
957 1 66 2056
961 4 32 836
965 4 42 1705
969 1 66 1925
973 1 66 807
977 4 32 2440
981 4 32 3018
985 1 62 1329
989 1 62 1954
993 1 46 788
997 1 46 1125