1001 1 66 2392
1005 1 66 2482
1009 1 42 1546
1013 4 42 3003
1017 1 46 2784
1021 1 46 1319
1025 4 32 3816
1029 1 32 1312
1033 1 62 1415
1037 1 62 1063
1041 4 36 1864
1045 4 36 1199
1049 1 66 1520
1053 1 66 1386
1057 1 42 2324
1061 1 42 1953
1065 4 36 1938
1069 4 36 1460
1073 1 32 4805
1077 4 52 955
1081 4 52 829
1085 4 52 1788
1089 4 52 2221
1093 4 32 2624
1097 1 46 1986
1101 1 46 841
1105 4 36 1610
1109 4 42 3420
1113 1 42 1302
1117 1 46 1127
1121 1 46 817
1125 4 52 5666
1129 1 32 1200
1133 4 36 3329
1137 4 36 2726
1141 4 42 5413
1145 1 42 1995
1149 1 42 3124
1153 1 56 545
1157 1 56 770
1161 4 36 2244
1165 4 36 2096
1169 1 32 1882
1173 4 32 2156
1177 1 46 869
1181 1 56 1111
1185 4 62 1019
1189 1 32 1245
1193 1 56 814
1197 1 56 2528
1201 4 32 3108
1205 1 46 5435
1209 4 42 1331
1213 4 42 1253
1217 4 62 2028
1221 1 46 810
1225 1 46 2316
1229 1 46 1803
1233 1 46 988
1237 4 32 3742
1241 4 32 635
1247 4 36 1414
1251 4 36 1495
1255 4 36 1161
1259 4 62 2010
1263 4 62 1766
1267 1 66 744
1271 1 66 1002
1275 1 66 1132
1279 1 42 1514
1283 4 42 1980
1287 1 66 1355
1291 1 46 2365
1295 4 42 1969
1299 4 42 3365
1303 1 66 1586
1307 1 66 1379
1311 4 62 1498
1315 4 62 1052
1319 4 36 4025
1323 4 32 1401
1327 4 32 1178
1331 4 36 1836
1335 4 36 3309
1339 4 52 1666
1343 4 52 857
1347 1 46 1915
1351 1 46 1484
1355 1 32 886
1359 4 32 831
1363 1 56 1409
1367 1 56 1010
1371 1 42 1460
1375 4 42 1427
1379 4 36 2650
1383 4 36 2118
1387 4 52 2040
1391 4 52 873
1395 1 52 2548
1399 1 56 726
1403 1 56 2008
1407 1 56 1364
1411 1 32 928
1415 4 32 2610
1419 4 32 1718
1423 1 46 4179
1427 1 46 1728
1431 1 46 1090
1435 4 42 963
1439 1 42 1248
1443 1 42 1516
1447 4 36 2141
1451 4 36 1039
1455 4 36 2099
1459 1 32 1306
1463 1 32 4612
1467 1 46 2297
1471 1 46 1280
1475 4 62 2306
1479 4 62 2193
1483 4 36 2960
1487 4 36 2602
1491 4 42 2384
1495 1 42 2151
1499 1 66 1968
1503 1 66 1764
1507 1 46 667
1511 1 46 1069
1515 4 62 1617
1519 1 62 2434
1523 4 36 1665
1527 4 36 2323
1531 4 62 1921
1535 4 62 915
1539 1 46 1769
1543 1 46 794
1547 4 32 4980
1551 4 32 1215
1555 1 66 1696
1559 1 42 1904
1563 1 32 2353
1567 1 66 1395
1571 1 66 1268
1577 1 32 2230
1581 4 42 1232
1585 4 36 1681
1589 4 36 1267
1593 1 42 1239
1597 4 42 3435
1601 1 66 645
1605 4 62 1095
1609 4 62 1240
1613 4 36 1466
1617 4 36 1659
1621 4 32 1176
1625 4 32 1961
1629 1 66 1131
1633 1 66 2636
1637 1 66 1926
1641 1 66 759
1645 4 42 1737
1649 1 42 2955
1653 4 32 6283
1657 4 36 1649
1661 4 36 2405
1665 1 46 1825
1669 1 42 3283
1673 1 42 799
1677 1 46 1057
1681 1 46 834
1685 4 32 1780
1689 1 46 1605
1693 4 62 2774
1697 1 62 1153
253 1 52 2871
257 1 52 1761
261 1 52 1222
265 1 46 903
269 1 46 1337
273 1 46 1354
277 1 46 1275
281 1 32 3202
285 4 32 11360
289 1 56 1450
293 1 56 879
297 4 56 2089
301 4 56 4037
305 4 56 1976
309 1 42 1698
313 4 42 3523
317 4 42 1120
321 4 42 5669
325 1 42 1264
329 1 52 1815
333 4 32 1863
337 1 32 3894
341 1 46 1899
345 1 46 1984
349 1 56 1639
353 1 56 5243
357 1 56 2666
361 1 42 1332
365 1 42 3411
369 4 42 4792
373 4 42 4562
377 1 42 1771
381 4 36 2169
385 4 36 1761
389 1 52 1183
393 4 32 1616
397 4 32 4409
401 1 62 1302
405 1 62 1083
409 1 32 1420
413 4 52 1293
417 1 32 5391
421 4 42 2561
425 1 36 1051
429 1 46 1677
433 1 56 849
437 4 52 2053
441 4 52 1299
445 1 46 5620
449 1 32 3216
453 1 46 1136
457 4 32 3135
461 4 36 2380
465 4 36 2811
469 1 56 1466
473 1 56 1332
477 4 42 5887
481 1 42 1723
485 1 42 2092
489 1 42 3489
493 4 32 2313
497 1 66 976
501 1 66 2529
505 4 36 2310
509 1 32 5081
513 4 42 6587
517 4 42 2396
521 4 36 2950
525 4 42 3024
529 4 42 1215
533 4 36 2448
537 4 36 1850
541 4 32 3591
545 1 66 881
549 1 66 1064
553 4 32 2042
557 4 66 4651
561 4 32 4310
565 4 36 2524
569 4 36 2384
573 1 56 1639
577 1 46 3433
583 4 32 3370
587 1 46 1220
591 1 56 982
595 1 56 1095
599 1 46 905
603 1 46 2762
607 4 36 2311
611 1 36 1937
615 1 56 1093
619 1 56 1522
623 1 32 2178
627 4 36 2209
631 4 52 1513
635 4 52 1237
639 1 42 3239
643 1 42 1311
647 1 56 1561
651 1 46 1083
655 4 36 2153
659 1 32 1571
663 4 32 2735
667 1 56 1340
671 4 52 1517
675 4 42 1447
679 1 32 1400
683 1 46 1962
687 4 36 1467
691 1 46 2061
695 4 36 4084
699 1 56 998
703 1 52 1720
707 4 52 2217
711 4 52 1321
715 1 46 1578
719 1 46 1705
723 1 46 971
727 1 62 1324
731 1 62 2078
735 1 62 2071
739 1 46 2992
743 1 46 1506
747 1 46 1156
751 1 62 1366
755 4 32 3383
759 1 32 2617
763 4 36 2310
767 4 36 2154
771 1 66 2996
775 1 52 902
779 1 52 3016
783 1 46 1916
787 1 46 2798
791 4 36 1303
795 1 46 2665
799 1 32 2440
803 1 42 1295
807 4 42 2208
811 4 42 3716
815 1 62 4295
819 1 32 2796
823 1 46 1381
827 1 46 983
831 4 52 1188
835 4 52 6117
839 4 36 1430
843 1 36 4168
847 1 42 4405
851 1 42 2021
855 1 56 1076
859 1 56 1189
863 4 32 3938
867 4 32 3585
871 4 36 2137
875 4 52 1334
879 1 46 2327
883 1 46 3460
887 4 52 1337
891 4 36 2794
895 4 42 5749
899 1 32 1280
903 4 42 1578
907 4 32 3968
913 1 56 1398
917 1 56 1307
921 1 62 2234
925 4 32 4150
929 1 62 1316
933 4 36 1315
937 1 46 1365
941 1 62 2297
945 4 36 1664
949 4 36 1570
953 1 66 1987
957 1 66 1061
961 4 32 1002
965 4 42 2171
969 1 66 1170
973 1 66 1049
977 4 32 2203
981 4 32 2220
985 1 62 851
989 1 62 3826
993 1 46 4649
997 1 46 1862