1000 1 32 698
1004 4 62 972
1008 1 62 637
1012 4 36 1625
1016 1 36 635
1020 4 66 1292
1024 -1 66 2000
1026 1 42 2543
1030 1 42 2166
1034 1 36 1154
1038 1 36 692
1042 4 32 1685
1046 4 52 535
1050 4 52 1240
1054 4 52 2522
1058 4 52 1227
1062 1 32 1277
1066 -1 46 2000
1069 -1 46 2000
1071 -1 36 2000
1074 -1 42 2000
1077 4 42 548
1081 4 46 997
1085 -1 46 2000
1087 -1 52 2000
1090 -1 32 2000
1092 -1 36 2000
1094 -1 36 2000
1097 4 42 526
1101 1 42 2527
1105 4 42 1178
1109 1 56 667
1112 4 56 893
1115 -1 36 2000
1118 4 36 1328
1122 -1 32 2000
1125 4 32 946
1129 -1 46 2000
1132 -1 56 2000
1135 -1 62 2000
1138 1 32 824
1142 1 56 970
1146 1 56 771
1150 -1 32 2000
1152 -1 46 2000
1155 4 42 772
1159 4 42 694
1163 4 62 919
1167 1 46 761
1170 4 46 650
1173 -1 46 2000
1175 -1 46 2000
1177 -1 32 2000
1180 4 32 752
1186 -1 36 2000
1188 -1 36 2000
1190 -1 36 2000
1193 -1 62 2000
1196 -1 62 2000
1199 1 66 730
1202 1 66 635
1206 -1 66 2000
1208 -1 42 2000
1210 1 42 880
1213 -1 66 2000
1215 -1 46 2000
1217 -1 42 2000
1219 4 42 709
1223 1 66 727
1226 -1 66 2000
1229 -1 62 2000
1232 -1 62 2000
1235 4 36 861
1238 -1 32 2000
1241 4 32 1891
1245 1 36 532
1248 -1 36 2000
1250 -1 52 2000
1252 -1 52 2000
1255 1 46 714
1259 -1 46 2000
1262 -1 32 2000
1265 4 32 718
1269 -1 56 2000
1271 -1 56 2000
1274 1 42 739
1278 4 42 628
1282 4 36 1029
1286 -1 36 2000
1289 4 52 742
1293 4 52 631
1297 4 52 649
1301 -1 56 2000
1304 4 56 796
1307 4 56 621
1311 -1 32 2000
1313 4 32 1168
1317 4 32 561
1321 1 46 547
1324 1 46 804
1327 -1 46 2000
1330 4 42 583
1334 1 42 841
1338 1 42 746
1342 4 36 955
1346 4 36 973
1350 -1 36 2000
1352 1 32 1200
1356 1 32 961
1360 1 46 611
1363 1 46 564
1367 4 62 918
1371 4 62 727
1375 4 36 841
1379 -1 36 2000
1381 -1 42 2000
1383 -1 42 2000
1386 1 66 1198
1389 1 66 2544
1393 1 46 759
1396 -1 46 2000
1399 -1 62 2000
1401 1 62 715
1405 1 36 1133
1408 1 36 574
1412 4 62 720
1416 1 62 561
1420 -1 46 2000
1422 1 46 548
1426 1 32 1333
1430 -1 32 2000
1433 1 66 968
1437 1 42 762
1441 1 32 667
1445 1 66 1357
1449 -1 66 2000
1454 4 32 1035
1458 4 42 652
1462 1 36 558
1466 1 36 1279
1470 1 42 545
1474 4 42 866
1478 4 66 1731
1482 4 62 1093
1486 4 62 630
1490 1 36 792
1494 1 36 1833
1498 -1 32 2000
1500 4 32 1772
1504 4 66 638
1507 -1 66 2000
1510 -1 66 2000
1512 4 66 786
1516 4 42 579
1520 1 42 946
1524 1 32 1316
1528 1 36 933
1532 1 36 743
1536 1 46 728
1540 -1 42 2000
1542 -1 42 2000
1545 4 46 1085
1549 1 46 1870
1553 -1 32 2000
1555 -1 46 2000
1558 4 62 562
1562 1 62 724
251 1 52 725
255 1 52 1159
259 1 52 715
263 1 46 1277
267 1 46 670
270 1 46 607
273 1 46 673
277 1 32 978
281 4 32 2730
285 1 56 627
289 1 56 901
293 4 56 1366
297 4 56 1592
301 4 56 1369
305 1 42 1067
309 4 42 1359
313 4 42 705
317 4 42 2882
321 1 42 764
325 1 52 669
329 4 32 751
333 1 32 1056
337 1 46 594
341 1 46 1955
345 1 56 532
349 -1 56 2000
351 1 56 663
355 1 42 1177
359 1 42 682
363 4 42 1228
367 4 42 1421
371 4 42 623
375 4 36 1344
379 4 36 1233
383 1 52 888
387 1 32 1098
391 4 32 1691
395 1 62 765
399 4 62 1342
403 1 32 703
407 4 52 657
411 1 32 850
415 4 42 628
419 -1 36 2000
422 4 46 1463
426 1 56 536
430 1 52 618
434 4 52 619
438 1 46 2092
442 1 32 2457
446 4 46 736
450 4 32 945
454 1 36 1458
458 1 36 980
462 1 56 533
465 -1 56 2000
468 4 42 1064
472 1 42 522
476 1 42 1675
480 1 42 1485
484 4 32 811
488 1 66 877
492 1 66 649
496 1 36 986
500 1 32 988
504 4 42 1229
508 4 42 879
512 1 36 662
516 4 42 871
520 4 42 1593
524 4 36 1162
528 4 36 956
532 4 32 797
536 1 66 543
540 1 66 1200
544 4 32 705
548 4 66 1283
552 4 32 804
556 1 36 694
560 1 36 583
564 1 56 601
568 1 46 682
574 4 32 2624
578 1 46 1015
582 1 56 649
586 1 56 570
590 1 46 652
594 1 46 797
598 4 36 1038
602 1 36 704
606 4 56 753
610 1 56 531
614 1 32 948
618 4 36 982
622 4 52 967
626 4 52 1881
630 1 42 1978
634 1 42 609
638 1 56 850
642 -1 46 2000
645 4 36 3011
649 1 32 1287
653 4 32 1561
657 4 56 1898
661 4 52 956
665 4 42 701
668 1 32 911
672 1 46 848
676 1 36 1649
680 1 46 883
684 1 36 1044
688 4 56 1078
692 1 52 567
696 4 52 937
700 1 52 842
704 1 46 764
708 1 46 605
711 1 46 638
715 1 62 544
719 1 62 641
723 1 62 1203
727 1 46 644
731 4 46 1638
735 1 46 807
739 1 62 705
743 4 32 4704
747 1 32 568
750 1 36 905
754 1 36 603
758 1 66 988
761 1 52 990
765 1 52 1167
769 1 46 625
773 1 46 818
777 4 36 2291
781 1 46 616
785 1 32 1017
789 1 42 1371
793 4 42 1324
797 4 42 1454
801 4 62 1151
805 1 32 1328
809 1 46 565
813 1 46 1478
817 -1 52 2000
820 4 52 905
824 4 36 1003
828 1 36 1788
832 1 42 990
836 1 42 703
840 1 56 721
844 1 56 578
848 -1 32 2000
851 1 32 1045
854 1 36 518
858 4 52 776
862 1 46 521
866 4 46 1067
870 4 52 892
874 4 36 2478
878 1 42 615
882 1 32 777
886 4 42 746
890 4 32 924
896 1 56 568
900 1 56 1495
904 1 62 776
908 4 32 1594
912 1 62 587
916 4 36 1181
920 1 46 2062
924 1 62 677
928 -1 36 2000
930 -1 36 2000
932 1 66 537
936 -1 66 2000
939 4 32 844
943 1 42 558
947 1 66 511
951 -1 66 2000
954 1 32 674
958 4 32 995
962 1 62 917
966 1 62 918
970 1 46 760
974 1 46 633
978 1 66 555
982 1 66 988
986 1 42 1501
990 -1 42 2000
992 -1 46 2000
994 -1 46 2000
997 4 32 2787