1001 1 66 677
1005 1 66 614
1009 1 42 1410
1013 4 42 2516
1017 1 46 933
1021 1 46 1287
1025 1 32 2728
1029 1 32 3796
1033 1 62 1351
1037 1 62 1254
1041 4 36 2999
1045 4 36 1369
1049 1 66 757
1053 1 66 3753
1057 1 42 1011
1061 1 42 1413
1065 4 36 1638
1069 4 36 1768
1073 1 32 1929
1077 4 52 947
1081 4 52 692
1085 4 52 2934
1089 4 52 3448
1093 1 32 2120
1097 1 46 937
1101 1 46 971
1105 4 36 1612
1109 4 42 1431
1113 1 42 1255
1117 1 46 7974
1121 1 46 764
1125 4 52 1134
1129 1 32 863
1133 4 36 3041
1137 4 36 2138
1141 4 42 6433
1145 1 42 1204
1149 4 42 1302
1153 1 56 999
1157 1 56 745
1161 4 36 1408
1165 4 36 1665
1169 1 32 1897
1173 4 32 826
1177 1 46 684
1181 1 56 669
1185 4 62 2308
1189 1 32 1483
1193 1 56 556
1197 1 56 1310
1201 4 32 5695
1205 1 46 653
1209 4 42 1934
1213 4 42 1247
1217 4 62 993
1221 1 46 850
1225 1 46 596
1229 1 46 981
1233 1 46 887
1237 1 32 1480
1241 4 32 1023
1247 4 36 1763
1251 4 36 1332
1255 4 36 1622
1259 4 62 1479
1263 4 62 1096
1267 1 66 1354
1271 1 66 1259
1275 1 66 909
1279 1 42 1390
1283 4 42 1944
1287 1 66 2057
1291 1 46 1088
1295 4 42 1617
1299 4 42 1667
1303 1 66 979
1307 1 66 693
1311 4 62 1670
1315 4 62 1656
1319 4 36 2153
1323 4 32 2323
1327 4 32 828
1331 1 36 766
1335 4 36 1199
1339 4 52 1505
1343 4 52 791
1347 1 46 2441
1351 1 46 643
1355 1 32 1077
1359 4 32 1057
1363 1 56 1042
1366 1 56 548
1370 1 42 1765
1374 4 42 783
1378 4 36 1057
1382 4 36 1202
1386 4 52 1199
1390 4 52 801
1394 4 52 1282
1398 1 56 580
1402 1 56 533
1406 1 56 727
1410 1 32 712
1414 4 32 3786
1418 4 32 969
1422 1 46 987
1426 1 46 1196
1430 1 46 509
1434 4 42 6927
1438 1 42 1829
1442 1 42 758
1446 1 36 888
1450 4 36 1449
1454 4 36 956
1458 1 32 1597
1462 1 32 1905
1466 1 46 835
1470 1 46 916
1474 4 62 917
1478 4 62 4487
1482 4 36 3700
1486 4 36 5411
1490 4 42 803
1494 1 42 1317
1498 1 66 551
1502 1 66 537
1506 1 46 2090
1510 1 46 1094
1514 4 62 1144
1518 4 62 809
1522 4 36 1739
1526 4 36 1820
1530 4 62 1892
1534 4 62 933
1538 1 46 823
1542 -1 46 2000
1545 4 32 3679
1549 4 32 2065
1553 1 66 2808
1557 1 42 2645
1561 1 32 929
1565 1 66 763
1569 1 66 541
1575 1 32 1607
1579 4 42 3593
1583 4 36 3011
1587 4 36 3631
1591 1 42 1057
1595 4 42 1283
1599 1 66 1412
1603 4 62 1414
1607 4 62 903
1611 4 36 1673
1615 4 36 3139
1619 4 32 986
1623 4 32 1547
1627 1 66 864
1631 1 66 737
1635 1 66 742
1639 1 66 759
1643 4 42 1000
1647 1 42 922
1651 4 32 1882
1655 4 36 1163
1659 4 36 2028
1663 1 46 3675
1667 1 42 1877
1671 1 42 903
1675 1 46 792
1679 1 46 618
1683 4 32 987
1687 1 46 941
1691 4 62 1438
1695 1 62 1471
253 1 52 1184
257 1 52 2097
261 1 52 912
265 1 46 1185
269 1 46 675
273 1 46 1012
277 1 46 854
281 4 32 1911
285 4 32 6143
289 1 56 743
293 1 56 1199
297 1 56 2049
301 4 56 2501
305 4 56 3060
309 1 42 1136
313 4 42 1058
317 4 42 1347
321 4 42 4229
325 1 42 1132
329 1 52 1038
333 4 32 1682
337 1 32 1123
341 1 46 2869
345 1 46 2492
349 1 56 1768
353 1 56 890
357 1 56 683
361 1 42 1263
365 1 42 785
369 4 42 1184
373 4 42 2289
377 1 42 1589
381 4 36 2887
385 4 36 1379
389 1 52 1461
393 1 32 950
397 4 32 1960
401 1 62 666
405 1 62 1515
409 1 32 5292
413 4 52 794
417 1 32 2811
421 4 42 7415
425 1 36 640
429 1 46 1814
433 1 56 1872
437 4 52 2577
441 4 52 4950
445 1 46 6033
449 1 32 2260
453 1 46 1570
457 4 32 1458
461 4 36 1267
465 4 36 1407
469 1 56 1834
473 1 56 1099
477 4 42 1437
481 1 42 734
485 1 42 1248
489 1 42 1153
493 4 32 920
497 1 66 665
501 1 66 3846
505 4 36 2371
509 1 32 1351
513 4 42 3704
517 4 42 1478
521 4 36 1040
525 4 42 1185
529 4 42 1011
533 4 36 1081
537 4 36 1179
541 4 32 1004
545 1 66 1094
549 1 66 3184
553 4 32 1317
557 1 66 1302
561 4 32 1560
565 4 36 1928
569 4 36 3033
573 1 56 1011
577 1 46 1204
583 4 32 2251
587 4 46 16391
591 1 56 982
595 1 56 1111
599 1 46 644
603 1 46 1333
607 4 36 2231
611 4 36 4320
615 1 56 689
619 1 56 882
623 1 32 1379
627 4 36 1685
631 4 52 1761
635 4 52 1475
639 1 42 1599
643 1 42 864
647 1 56 4274
651 1 46 6948
655 4 36 4461
659 1 32 1604
663 4 32 1769
667 1 56 618
671 4 52 3126
675 4 42 1939
679 1 32 1028
683 1 46 659
687 4 36 1189
691 1 46 854
695 4 36 1989
699 1 56 684
703 1 52 861
707 4 52 1061
711 4 52 1171
715 1 46 933
719 1 46 740
723 1 46 5573
727 1 62 843
731 1 62 1900
735 1 62 1437
739 1 46 943
743 1 46 816
747 1 46 882
751 1 62 755
755 4 32 2325
759 1 32 1377
763 4 36 1395
767 4 36 932
771 1 66 806
775 1 52 851
779 4 52 772
783 1 46 2374
787 1 46 730
791 4 36 1051
795 1 46 765
799 1 32 1198
803 1 42 1056
807 4 42 2145
811 1 42 1240
815 1 62 1428
819 1 32 1556
823 1 46 1733
827 1 46 839
831 4 52 1320
835 4 52 3338
839 4 36 1825
843 4 36 1379
847 1 42 1972
851 1 42 984
855 1 56 2106
859 1 56 1752
863 4 32 2634
867 4 32 3044
871 4 36 1936
875 4 52 3941
879 1 46 964
883 1 46 1642
887 4 52 6924
891 4 36 5682
895 4 42 2069
899 1 32 988
903 4 42 3805
907 4 32 8786
913 1 56 712
917 1 56 857
921 1 62 5339
925 1 32 1443
929 1 62 821
933 4 36 998
937 1 46 936
941 1 62 692
945 4 36 5669
949 4 36 1888
953 1 66 690
957 1 66 586
961 4 32 1800
965 4 42 1466
969 1 66 971
973 1 66 719
977 4 32 1809
981 4 32 1218
985 1 62 724
989 1 62 1525
993 1 46 1543
997 1 46 2488