1002 1 42 1537
1006 4 42 1810
1010 1 46 867
1014 1 46 4325
1018 1 32 1378
1022 1 32 1235
1026 1 62 1045
1030 1 62 1510
1034 4 36 1816
1038 4 36 873
1042 1 66 875
1046 -1 66 2000
1049 1 42 1021
1053 1 42 1103
1057 4 36 1504
1061 4 36 714
1065 1 32 1451
1069 1 52 749
1073 4 52 1326
1077 4 52 1115
1081 4 52 1132
1085 4 32 2435
1089 1 46 885
1093 1 46 694
1096 4 36 856
1100 4 42 1305
1104 1 42 747
1108 1 46 634
1112 1 46 587
1116 4 52 924
1120 1 32 1294
1124 4 36 2527
1128 4 36 1380
1132 1 42 2885
1136 1 42 2306
1140 4 42 2328
1144 1 56 821
1148 1 56 598
1152 4 36 1864
1156 4 36 1049
1160 1 32 1130
1164 4 32 1004
1168 1 46 957
1172 1 56 511
1176 4 62 768
1180 1 32 1154
1184 1 56 723
1188 1 56 1141
1192 4 32 790
1196 1 46 791
1200 4 42 889
1204 4 42 794
1208 4 62 940
1212 1 46 1213
1216 1 46 767
1219 1 46 544
1223 1 46 721
1227 1 32 1187
1231 4 32 1076
1237 4 36 869
1241 4 36 870
1245 4 36 664
1249 4 62 713
1253 4 62 778
1257 1 66 1100
1261 1 66 509
1265 1 66 1039
1269 1 42 960
1273 4 42 1138
1277 1 66 950
1281 1 46 951
1285 4 42 1049
1289 4 42 1002
1293 1 66 812
1297 1 66 621
1301 4 62 719
1305 4 62 720
1309 4 36 801
1313 4 32 595
1317 4 32 1748
1321 4 36 998
1325 4 36 1399
1329 4 52 1257
1333 4 52 666
1337 -1 46 2000
1340 1 46 813
1344 1 32 1038
1348 4 32 1072
1352 1 56 769
1356 1 56 675
1360 1 42 788
1364 4 42 646
1368 4 36 1879
1372 4 36 1224
1376 4 52 986
1380 4 52 907
1384 4 52 1277
1388 1 56 542
1392 1 56 512
1396 -1 56 2000
1398 1 32 738
1402 4 32 1268
1406 4 32 613
1410 1 46 567
1413 -1 46 2000
1416 -1 46 2000
1418 4 42 859
1422 1 42 1101
1426 1 42 990
1430 4 36 815
1434 4 36 641
1438 4 36 786
1442 4 32 948
1446 1 32 955
1450 1 46 663
1454 1 46 920
1458 4 62 842
1462 4 62 1211
1466 4 36 797
1470 4 36 542
1474 4 42 688
1478 4 42 1473
1482 4 66 946
1486 -1 66 2000
1489 1 46 709
1493 1 46 823
1497 4 62 1016
1501 4 62 986
1505 4 36 699
1509 4 36 1308
1513 4 62 1015
1517 4 62 1145
1521 1 46 2021
1525 1 46 660
1529 4 32 2419
1533 4 32 1122
1537 1 66 691
1541 1 42 933
1545 1 32 822
1549 -1 66 2000
1552 1 66 889
1558 1 32 1290
1562 4 42 668
1566 4 36 1181
1570 4 36 2319
1574 1 42 787
1578 4 42 836
1582 1 66 1062
1586 4 62 679
1590 4 62 841
1594 4 36 938
1598 4 36 2043
1602 4 32 800
1606 4 32 1329
1610 1 66 659
1614 1 66 628
1618 1 66 677
1622 1 66 791
1626 4 42 584
1630 1 42 794
1634 4 32 2283
1638 4 36 893
1642 4 36 814
1646 1 46 816
1650 1 42 897
1654 1 42 866
1658 1 46 820
1662 1 46 693
1666 4 32 1271
1670 1 46 616
1674 4 62 842
1678 1 62 619
253 1 52 947
257 1 52 981
261 1 52 726
265 1 46 568
269 1 46 809
273 1 46 1354
277 1 46 812
281 1 32 1456
285 4 32 2824
289 1 56 724
293 1 56 742
297 1 56 871
301 4 56 2153
305 4 56 1154
309 1 42 804
313 4 42 1814
317 4 42 1815
321 4 42 3289
325 1 42 918
329 1 52 1111
333 4 32 1348
337 1 32 1285
341 1 46 1561
345 1 46 1227
349 1 56 636
353 -1 56 2000
356 1 56 655
360 1 42 1651
364 1 42 773
368 4 42 1126
372 4 42 1480
376 1 42 1177
380 4 36 1019
384 4 36 924
388 1 52 878
392 1 32 1151
396 4 32 2784
400 1 62 967
404 1 62 1369
408 1 32 1259
412 4 52 1132
416 4 32 1598
420 4 42 831
424 4 36 1456
428 1 46 930
432 1 56 659
436 4 52 1109
440 4 52 3028
444 1 46 1739
448 4 32 3388
452 1 46 892
456 4 32 1517
460 4 36 1055
464 4 36 800
468 1 56 689
472 1 56 691
476 4 42 1124
480 1 42 838
484 1 42 1543
488 1 42 1705
492 4 32 965
496 1 66 1078
500 1 66 1112
504 4 36 1797
508 1 32 1206
512 4 42 1879
516 4 42 953
520 4 36 922
524 4 42 964
528 4 42 981
532 4 36 791
536 4 36 840
540 4 32 1018
544 1 66 1323
548 1 66 605
552 4 32 1323
556 1 66 957
560 4 32 510
564 4 36 1200
568 4 36 1137
572 1 56 1107
575 1 46 820
581 4 32 1516
585 1 46 1021
589 1 56 655
593 1 56 1200
597 1 46 578
601 1 46 947
605 4 36 1764
609 4 36 934
613 1 56 647
617 1 56 537
621 1 32 1290
625 4 36 1089
629 4 52 1106
633 4 52 884
637 1 42 1365
641 1 42 647
645 1 56 2280
649 1 46 1146
653 4 36 1403
657 1 32 2349
661 4 32 1665
665 1 56 802
669 4 52 948
673 4 42 2373
677 1 32 905
681 1 46 923
685 -1 36 2000
688 1 46 670
692 4 36 1503
696 1 56 625
700 1 52 914
704 4 52 844
708 4 52 1469
712 1 46 1055
716 1 46 656
720 1 46 1121
724 1 62 1302
728 1 62 679
732 1 62 1857
736 1 46 1480
740 1 46 746
744 1 46 507
748 1 62 1891
752 4 32 3781
756 1 32 1844
760 4 36 1414
764 4 36 823
768 1 66 1016
772 1 52 1818
776 1 52 939
780 1 46 1162
784 1 46 1116
787 4 36 1069
791 1 46 591
795 1 32 1232
799 1 42 2770
803 4 42 1110
807 4 42 1608
811 4 62 2793
815 1 32 1715
819 1 46 596
823 1 46 630
827 1 52 615
831 4 52 2633
835 4 36 1186
839 4 36 1716
843 1 42 3205
847 1 42 610
851 1 56 755
855 1 56 789
859 4 32 1606
863 4 32 1352
867 4 36 1545
871 4 52 938
875 1 46 1260
879 1 46 1539
883 4 52 1108
887 4 36 1222
891 4 42 1719
895 1 32 1049
899 4 42 730
903 4 32 1292
909 1 56 1720
913 1 56 746
917 1 62 1275
921 1 32 1660
925 1 62 766
929 4 36 735
933 1 46 1745
937 1 62 914
941 4 36 1028
945 4 36 693
949 1 66 743
953 -1 66 2000
956 4 32 937
960 4 42 907
964 1 66 658
968 1 66 612
972 4 32 1317
976 4 32 935
980 1 62 888
984 1 62 617
988 1 46 923
992 1 46 748
995 -1 66 2000
998 1 66 607