1001 1 66 1136
1005 1 42 882
1009 4 42 963
1013 -1 46 2000
1016 1 46 694
1020 1 32 1399
1024 1 32 1577
1028 1 62 962
1032 1 62 804
1036 4 36 1957
1040 4 36 919
1044 1 66 806
1048 1 66 839
1052 1 42 1521
1056 1 42 1538
1060 4 36 980
1064 4 36 2037
1068 1 32 1927
1072 4 52 1176
1076 4 52 890
1080 4 52 1611
1084 4 52 1356
1088 1 32 1398
1092 1 46 2055
1096 1 46 2025
1100 4 36 888
1104 4 42 1369
1108 1 42 763
1112 1 46 892
1116 1 46 830
1120 4 52 1199
1124 1 32 1552
1128 4 36 1986
1132 4 36 1369
1136 1 42 3482
1140 1 42 956
1144 1 42 1854
1148 1 56 527
1152 1 56 577
1156 4 36 962
1160 4 36 1092
1164 1 32 1144
1168 4 32 906
1172 1 46 3761
1176 1 56 971
1180 4 62 1437
1184 1 32 1358
1188 1 56 943
1192 1 56 641
1196 1 32 1394
1200 1 46 1257
1204 4 42 971
1208 4 42 1068
1212 4 62 782
1216 1 46 1327
1220 1 46 2801
1224 1 46 730
1228 1 46 588
1232 1 32 1197
1236 4 32 943
1242 4 36 1090
1246 4 36 883
1250 4 36 789
1254 4 62 1142
1258 4 62 1304
1262 1 66 825
1266 1 66 1019
1270 1 66 900
1274 1 42 1190
1278 4 42 2215
1282 1 66 1227
1286 1 46 861
1290 4 42 3598
1294 4 42 1736
1298 1 66 586
1302 1 66 1291
1306 4 62 903
1310 4 62 857
1314 1 36 1386
1318 4 32 1633
1322 4 32 771
1326 4 36 2548
1330 4 36 1339
1334 4 52 781
1338 4 52 1758
1342 1 46 536
1346 1 46 2777
1350 1 32 998
1354 4 32 901
1358 1 56 1382
1362 1 56 568
1366 1 42 809
1370 4 42 891
1374 1 36 1724
1378 4 36 904
1382 4 52 2538
1386 4 52 1345
1390 4 52 2492
1394 1 56 2246
1398 1 56 866
1402 1 56 1220
1406 1 32 1192
1410 4 32 2297
1414 4 32 1126
1418 1 46 544
1422 1 46 1089
1426 1 46 611
1430 4 42 1268
1434 1 42 921
1438 1 42 1338
1442 4 36 2203
1446 4 36 1712
1450 4 36 865
1454 1 32 864
1458 1 32 1167
1462 1 46 928
1466 1 46 802
1470 4 62 1347
1474 4 62 1333
1478 4 36 1062
1482 4 36 1050
1486 4 42 972
1490 1 42 1453
1494 1 66 1570
1498 1 66 1332
1502 1 46 1557
1506 1 46 647
1510 4 62 936
1514 4 62 985
1518 1 36 1515
1522 4 36 1372
1526 4 62 4321
1530 4 62 2331
1534 1 46 1003
1538 1 46 3932
1542 1 32 2521
1546 4 32 2534
1550 -1 66 2000
1553 1 42 2108
1557 1 32 1562
1561 1 66 2252
1565 -1 66 2000
1570 1 32 1051
1574 4 42 956
1578 4 36 1102
1582 4 36 927
1586 1 42 705
1590 4 42 1362
1594 -1 66 2000
1597 4 62 1429
1601 4 62 2039
1605 4 36 1544
1609 4 36 1487
1613 4 32 2481
1617 4 32 1482
1621 1 66 892
1625 1 66 2013
1629 1 66 537
1633 1 66 1323
1637 4 42 1324
1641 1 42 1134
1645 1 32 2503
1649 4 36 1062
1653 4 36 864
1657 1 46 1489
1661 1 42 1017
1665 1 42 623
1669 1 46 1041
1673 1 46 533
1677 4 32 679
1681 1 46 552
1685 4 62 922
1689 1 62 977
252 1 52 788
256 1 52 725
260 1 52 583
264 1 46 616
268 1 46 666
272 1 46 1115
276 1 46 1005
280 1 32 1062
284 4 32 2197
288 1 56 647
292 1 56 744
296 4 56 1817
300 4 56 987
304 4 56 1196
308 1 42 910
312 4 42 719
316 4 42 817
320 4 42 2783
324 1 42 727
328 1 52 664
332 4 32 807
336 1 32 1129
340 1 46 1754
344 1 46 572
348 1 56 605
352 1 56 607
356 1 56 1104
360 1 42 898
364 1 42 579
368 4 42 900
372 4 42 1030
376 1 42 1335
380 4 36 1065
384 4 36 986
388 1 52 1041
392 4 32 723
396 4 32 3508
400 1 62 539
404 1 62 1069
408 1 32 670
412 4 52 592
416 1 32 2257
420 4 42 1904
424 4 36 970
428 1 46 1675
432 1 56 604
436 4 52 1342
440 4 52 1311
444 1 46 1441
448 4 32 4434
452 1 46 613
456 4 32 1974
460 4 36 938
464 4 36 796
468 1 56 685
472 1 56 638
476 4 42 1952
480 1 42 705
484 1 42 1123
488 4 42 948
492 4 32 1094
496 1 66 567
500 -1 66 2000
503 4 36 1018
507 4 32 876
511 4 42 3213
515 4 42 1034
519 4 36 1457
523 4 42 1426
527 4 42 723
531 4 36 789
535 4 36 865
539 4 32 691
543 1 66 900
547 1 66 662
551 4 32 855
555 1 66 1321
559 4 32 2586
563 4 36 1081
567 4 36 1019
571 1 56 796
575 1 46 893
581 4 32 2917
585 1 46 1383
589 -1 56 2000
592 1 56 538
596 1 46 843
600 1 46 1565
604 4 36 974
608 4 36 2496
612 1 56 764
616 1 56 765
620 1 32 1087
624 4 36 768
628 4 52 1234
632 4 52 788
636 1 42 1061
640 1 42 647
644 1 56 584
648 1 46 580
652 4 36 918
656 1 32 855
660 4 32 2201
664 1 56 570
668 4 52 700
672 4 42 1096
676 1 32 826
680 1 46 1147
684 4 36 733
688 1 46 846
692 4 36 1231
696 1 56 753
700 1 52 1170
704 4 52 1351
708 4 52 1656
712 1 46 975
716 1 46 960
720 1 46 578
724 1 62 915
728 1 62 933
732 1 62 692
736 1 46 549
740 1 46 934
744 1 46 1400
748 1 62 809
752 4 32 3147
756 1 32 1706
760 4 36 1291
764 4 36 1293
768 1 66 1342
772 1 52 1184
776 1 52 881
780 1 46 595
784 1 46 692
788 4 36 806
792 1 46 983
796 1 32 1113
800 1 42 2714
804 4 42 1748
808 4 42 2757
812 1 62 999
816 1 32 1145
820 4 46 1578
824 1 46 1105
828 4 52 850
832 4 52 1444
836 4 36 981
840 4 36 970
844 1 42 3339
848 1 42 610
852 1 56 644
856 1 56 773
860 4 32 2663
864 4 32 1430
868 4 36 807
872 4 52 854
876 -1 46 2000
879 1 46 2521
883 4 52 763
887 4 36 1228
891 4 42 2120
895 1 32 1082
899 4 42 1363
903 4 32 1317
909 1 56 673
913 1 56 706
917 1 62 1348
921 1 32 1045
925 1 62 759
929 4 36 1112
933 1 46 922
937 1 62 891
941 4 36 1085
945 4 36 846
949 1 66 1055
953 1 66 641
957 4 32 1456
961 4 42 1233
965 1 66 675
969 1 66 1492
973 4 32 1558
977 4 32 1143
981 1 62 744
985 1 62 826
989 1 46 635
993 1 46 1101
997 1 66 542