1003 -1 66 2000
1006 1 42 886
1010 4 42 823
1014 1 46 825
1018 1 46 1034
1022 1 32 1196
1026 4 32 733
1030 1 62 1044
1034 1 62 1014
1038 4 36 1015
1042 4 36 920
1046 1 66 1050
1050 1 66 667
1054 1 42 685
1058 4 42 1694
1062 4 36 1016
1066 4 36 1241
1070 1 32 1355
1074 4 52 652
1078 4 52 846
1082 4 52 1775
1086 4 52 1921
1090 1 32 1258
1094 1 46 1244
1098 1 46 1485
1102 4 36 1198
1106 4 42 1024
1110 1 42 801
1114 1 46 1251
1118 1 46 676
1122 4 52 918
1126 1 32 679
1130 1 36 1240
1134 1 36 1930
1138 4 42 1499
1142 1 42 797
1146 4 42 1918
1150 1 56 709
1154 1 56 855
1158 4 36 2056
1162 4 36 1020
1166 1 32 1070
1170 4 32 863
1174 1 46 1121
1178 -1 56 2000
1181 4 62 1100
1185 1 32 1565
1189 1 56 1081
1193 1 56 715
1197 4 32 1276
1201 1 46 1086
1205 4 42 1151
1209 4 42 768
1213 4 62 1010
1217 1 46 819
1221 1 46 629
1225 1 46 758
1229 1 46 776
1233 1 32 1289
1237 4 32 811
1243 4 36 852
1247 4 36 1141
1251 4 36 1639
1255 4 62 984
1259 4 62 905
1263 4 66 1387
1267 1 66 1196
1271 1 66 1022
1275 1 42 1135
1279 4 42 1244
1283 1 66 813
1287 1 46 559
1291 4 42 1088
1295 4 42 1185
1299 1 66 1080
1303 1 66 1066
1307 4 62 779
1311 4 62 845
1315 4 36 1918
1319 4 32 1631
1323 4 32 721
1327 4 36 2882
1331 4 36 1404
1335 4 52 814
1339 4 52 1007
1343 -1 46 2000
1346 1 46 898
1350 1 32 739
1354 4 32 933
1358 1 56 662
1362 1 56 680
1366 1 42 761
1370 4 42 1067
1374 4 36 1180
1378 4 36 925
1382 4 52 1103
1386 4 52 544
1390 4 52 5480
1394 1 56 2203
1398 1 56 988
1402 1 56 814
1406 1 32 1072
1410 4 32 1345
1414 4 32 643
1418 1 46 1108
1422 1 46 597
1426 1 46 1015
1430 4 42 600
1434 1 42 890
1438 1 42 619
1442 4 36 1533
1446 4 36 1342
1450 4 36 1168
1454 1 32 1041
1458 1 32 2946
1462 1 46 682
1466 1 46 715
1470 4 62 636
1474 4 62 1070
1478 4 36 3679
1482 4 36 2378
1486 4 42 816
1490 1 42 946
1494 1 66 675
1498 1 66 1285
1502 1 46 3094
1506 1 46 1016
1510 4 62 986
1514 1 62 1195
1518 4 36 925
1522 4 36 1150
1526 4 62 1160
1530 4 62 1449
1534 4 46 899
1538 1 46 772
1542 4 32 3542
1546 4 32 1221
1550 1 66 932
1554 4 42 725
1558 4 32 1271
1562 1 66 1208
1566 1 66 858
1572 1 32 1537
1576 4 42 707
1580 4 36 932
1584 4 36 1206
1588 1 42 903
1592 4 42 1001
1596 1 66 602
1600 4 62 795
1604 4 62 1021
1608 4 36 1774
1612 4 36 1088
1616 4 32 1073
1620 4 32 1651
1624 1 66 868
1628 1 66 630
1632 1 66 1143
1636 1 66 680
1640 4 42 858
1644 1 42 1235
1648 1 32 2437
1652 4 36 870
1656 4 36 1048
1660 1 46 1769
1664 1 42 1179
1668 1 42 828
1672 1 46 1086
1676 1 46 591
1680 1 32 1104
1684 4 46 1234
1688 4 62 1617
1692 1 62 902
253 1 52 1219
257 1 52 1284
261 1 52 549
265 4 46 759
269 4 46 1384
273 1 46 858
277 1 46 779
281 1 32 925
285 1 32 2566
289 1 56 1843
293 1 56 692
297 4 56 1430
301 4 56 887
305 4 56 1305
309 1 42 938
313 4 42 955
317 4 42 765
321 1 42 862
325 1 42 896
329 4 52 801
333 4 32 3843
337 1 32 1485
341 1 46 1686
345 1 46 1032
349 1 56 777
353 1 56 1163
357 1 56 956
361 1 42 2349
365 1 42 764
369 1 42 638
373 4 42 1199
377 4 42 2081
381 4 36 1221
385 4 36 1126
389 1 52 779
393 4 32 572
397 1 32 3009
401 1 62 709
405 1 62 1111
409 1 32 901
413 4 52 759
417 1 32 2472
421 4 42 962
425 1 36 659
429 4 46 1237
433 1 56 646
437 4 52 888
441 4 52 889
445 1 46 1883
449 1 32 2412
453 1 46 1272
457 4 32 1002
461 4 36 1479
465 1 36 1448
469 1 56 2425
473 1 56 552
477 4 42 1154
481 1 42 579
484 1 42 901
488 1 42 1238
492 4 32 1064
496 1 66 849
500 1 66 563
504 4 36 2132
508 1 32 1000
512 4 42 1610
516 4 42 1739
520 4 36 1543
524 1 42 793
528 4 42 602
532 4 36 780
536 4 36 1213
540 4 32 1055
544 1 66 1075
548 -1 66 2000
551 4 32 726
555 4 66 1287
559 4 32 2473
563 4 36 1346
567 4 36 2116
571 1 56 773
575 1 46 1047
581 4 32 3987
585 4 46 30426
589 1 56 1447
593 1 56 1032
597 1 46 1434
601 1 46 843
605 4 36 1244
609 4 36 1438
613 1 56 1263
617 1 56 817
621 1 32 690
625 4 36 948
629 4 52 2069
633 4 52 1100
637 1 42 1198
641 1 42 639
645 1 56 833
649 1 46 1287
653 4 36 2841
657 1 32 859
661 4 32 1068
665 1 56 1021
669 4 52 783
673 4 42 1766
677 1 32 1687
681 1 46 569
685 4 36 1002
689 1 46 796
693 4 36 893
697 1 56 1252
701 1 52 1797
705 4 52 1063
709 4 52 915
713 1 46 1253
717 1 46 614
721 1 46 568
725 1 62 841
729 1 62 971
733 1 62 892
737 1 46 798
741 1 46 719
745 1 46 784
749 1 62 1163
753 4 32 1788
757 1 32 3133
761 4 36 2874
765 4 36 1305
769 1 66 683
773 4 52 668
777 1 52 942
781 4 46 1040
785 1 46 641
789 4 36 1219
793 1 46 1300
797 1 32 997
801 1 42 1143
805 4 42 1144
809 4 42 1274
813 1 62 923
817 1 32 1581
821 4 46 1822
825 1 46 1168
829 4 52 2769
833 4 52 885
837 4 36 743
841 4 36 984
845 1 42 2282
849 1 42 619
853 1 56 621
857 1 56 1529
861 4 32 1179
865 4 32 1708
869 4 36 1787
873 4 52 1020
877 1 46 734
881 1 46 3631
885 4 52 1889
889 4 36 1107
893 4 42 2164
897 1 32 947
901 4 42 948
905 4 32 1750
911 1 56 834
915 1 56 900
919 1 62 757
923 1 32 1367
927 1 62 1384
931 4 36 617
935 1 46 1027
939 1 62 1220
943 4 36 2246
947 1 36 722
951 1 66 1027
955 1 66 848
959 4 32 1522
963 4 42 1139
967 1 66 1380
971 1 66 3174
975 4 32 1274
979 4 32 1052
983 1 62 1661
987 1 62 1503
991 1 46 896
995 1 46 1042
999 1 66 707
103 1 46 825
107 1 46 1163
111 4 32 908
115 1 46 749
119 4 62 783
123 1 62 880
13 4 36 911
17 4 36 896
21 1 42 1586
25 4 42 1059
29 1 66 805
33 4 62 1414
37 4 62 712
41 4 36 1001
45 4 36 1242
49 4 32 764
5 1 32 1084
53 4 32 1213
57 1 66 1183
61 1 66 2064
65 1 66 1191
69 -1 66 2000
72 4 42 885
76 1 42 598
80 1 32 2744
84 4 36 1385
87 4 36 3035
9 4 42 782
91 1 46 901
95 1 42 982
99 1 42 1640