1000 1 46 559
1004 1 32 961
1008 1 32 578
1012 1 62 708
1016 1 62 725
1020 4 36 1318
1024 4 36 920
1028 1 66 617
1032 1 66 507
1036 1 42 732
1040 1 42 766
1044 4 36 799
1048 4 36 816
1052 1 32 866
1056 4 52 531
1060 4 52 997
1064 4 52 934
1068 4 52 1848
1072 4 32 1097
1076 1 46 619
1080 1 46 684
1084 4 36 733
1088 4 42 751
1092 1 42 576
1096 1 46 674
1100 1 46 755
1104 4 52 613
1108 1 32 566
1112 4 36 759
1116 4 36 1017
1120 1 42 922
1124 1 42 684
1128 4 42 1021
1132 1 56 543
1136 1 56 656
1140 1 36 706
1144 4 36 771
1148 1 32 1476
1152 4 32 838
1156 1 46 743
1160 -1 56 2000
1163 4 62 650
1167 1 32 924
1171 4 56 749
1175 1 56 702
1179 4 32 576
1183 1 46 625
1187 4 42 691
1191 4 42 596
1195 4 62 934
1199 1 46 679
1203 1 46 521
1207 1 46 538
1210 1 46 587
1214 4 32 589
1218 4 32 638
1224 4 36 965
1228 4 36 1286
1232 4 36 952
1236 4 62 713
1240 4 62 682
1244 1 66 540
1248 -1 66 2000
1251 1 66 543
1255 1 42 672
1259 4 42 658
1263 1 66 787
1267 1 46 645
1271 4 42 950
1275 4 42 775
1279 1 66 1065
1282 1 66 682
1286 4 62 652
1290 4 62 637
1294 4 36 959
1298 4 32 656
1302 4 32 594
1306 4 36 899
1310 4 36 1220
1314 4 52 582
1318 4 52 647
1322 1 46 553
1326 1 46 586
1330 1 32 700
1334 4 32 589
1338 1 56 686
1342 -1 56 2000
1345 1 42 657
1349 4 42 515
1353 4 36 756
1357 4 36 806
1361 4 52 615
1365 4 52 697
1369 4 52 874
1373 1 56 571
1377 1 56 525
1381 1 56 606
1385 1 32 1104
1389 4 32 1233
1393 4 32 675
1397 1 46 708
1401 1 46 549
1405 -1 46 2000
1408 4 42 552
1412 1 42 842
1416 1 42 603
1420 4 36 1053
1424 4 36 750
1428 4 36 688
1432 1 32 1009
1436 1 32 1010
1440 1 46 580
1443 1 46 741
1447 4 62 615
1451 4 62 664
1455 4 36 746
1459 4 36 731
1463 4 42 636
1467 1 42 878
1471 1 66 559
1475 1 66 593
1479 1 46 594
1483 1 46 532
1487 4 62 565
1491 1 62 759
1495 4 36 1032
1499 4 36 889
1503 4 62 1131
1507 4 62 572
1511 1 46 734
1515 1 46 527
1519 4 32 1713
1523 4 32 962
1527 1 66 595
1531 1 42 693
1535 1 32 678
1539 1 66 696
1543 1 66 617
1549 1 32 690
1553 4 42 740
1557 1 36 965
1561 4 36 1191
1565 1 42 568
1569 4 42 650
1573 1 66 811
1577 4 62 685
1581 4 62 558
1585 4 36 767
1589 1 36 865
1593 4 32 690
1597 4 32 692
1601 1 66 645
1605 1 66 535
1609 1 66 600
1613 1 66 617
1617 4 42 587
1621 1 42 1228
1625 1 32 1806
1629 4 36 719
1633 4 36 1457
1637 1 46 882
1641 1 42 820
1645 1 42 741
1649 1 46 550
1653 1 46 552
1657 4 32 617
1661 1 46 555
1665 4 62 572
1669 1 62 622
250 1 52 786
254 1 52 563
258 1 52 517
262 -1 46 2000
265 -1 46 2000
267 1 46 777
270 1 46 539
274 1 32 796
278 4 32 1741
282 1 56 655
286 1 56 512
290 1 56 690
294 4 56 1027
298 4 56 1381
302 1 42 870
306 4 42 808
310 4 42 649
314 4 42 2138
318 1 42 609
322 1 52 579
326 4 32 676
330 1 32 694
334 1 46 935
338 1 46 872
342 1 56 650
346 1 56 603
350 1 56 701
354 1 42 782
358 1 42 752
362 4 42 849
366 4 42 1187
370 1 42 804
374 4 36 981
378 4 36 919
382 1 52 616
386 1 32 1146
390 4 32 1435
394 1 62 781
398 1 62 798
402 1 32 751
406 4 52 641
410 1 32 1394
414 4 42 788
418 1 36 629
422 1 46 1239
426 1 56 1368
430 4 52 538
434 4 52 827
438 1 46 636
442 1 32 1118
446 1 46 671
450 4 32 785
454 4 36 882
458 4 36 1044
462 1 56 645
466 1 56 598
470 4 42 1144
474 1 42 857
478 1 42 939
482 1 42 1052
486 4 32 862
490 1 66 527
494 1 66 529
498 4 36 1010
502 1 32 755
506 4 42 1509
510 4 42 1094
514 4 36 968
518 4 42 969
522 4 42 715
526 4 36 716
530 4 36 733
534 4 32 671
538 1 66 608
542 1 66 754
546 4 32 675
550 1 66 581
554 4 32 950
558 4 36 904
562 1 36 857
566 -1 56 2000
569 1 46 812
575 4 32 1451
579 1 46 700
583 1 56 574
587 1 56 783
591 1 46 625
595 1 46 1362
599 4 36 1043
603 1 36 1653
607 1 56 566
611 1 56 600
615 1 32 665
619 4 36 795
623 4 52 764
627 4 52 734
631 1 42 719
635 1 42 576
639 -1 56 2000
642 1 46 579
646 4 36 885
650 1 32 742
654 4 32 1112
658 1 56 889
662 4 52 570
666 4 42 1004
670 1 32 717
674 1 46 527
678 1 36 672
682 1 46 706
686 1 36 1155
690 1 56 533
694 1 52 886
698 4 52 855
702 4 52 649
706 1 46 554
710 1 46 588
713 1 46 589
717 1 62 575
721 -1 62 2000
724 1 62 753
728 1 46 835
732 1 46 692
736 -1 46 2000
739 1 62 615
743 4 32 1609
747 1 32 890
751 1 36 1051
755 4 36 797
759 1 66 622
763 1 52 1008
767 1 52 641
771 -1 46 2000
774 1 46 580
777 4 36 918
781 1 46 583
785 1 32 696
789 1 42 810
793 4 42 635
797 4 42 1293
801 1 62 654
805 1 32 832
809 1 46 1009
813 1 46 1059
817 4 52 1076
821 4 52 901
825 4 36 727
829 4 36 792
833 1 42 1002
837 -1 42 2000
840 1 56 573
844 1 56 558
848 4 32 959
852 4 32 737
856 4 36 754
860 4 52 596
864 1 46 709
868 1 46 1063
872 4 52 712
876 4 36 810
880 4 42 1995
884 1 32 932
888 4 42 534
892 4 32 919
898 -1 56 2000
901 1 56 522
905 1 62 779
909 1 32 1085
913 1 62 590
917 4 36 1264
921 1 46 673
925 1 62 562
928 4 36 900
932 4 36 853
936 1 66 679
940 1 66 520
944 4 32 602
948 4 42 587
951 -1 66 2000
954 1 66 590
958 4 32 911
962 4 32 929
966 1 62 562
970 1 62 564
974 1 46 597
978 1 46 1095
981 1 66 520
984 1 66 569
988 1 42 683
992 4 42 700
996 1 46 574